dv0	force0	site148	[AMP]300
0.8652
0.13048
4.04376
0.70672
1.19896
0.21392
0.3444
1.41232
0.60704
0.96936
0.81088
0.83384
0.36288
0.07504
1.10824
2.03616
0.46872
0.2128
1.29696
0.83104
0.1512
0.16632
0.60872
1.59544
1.41624
0.15008
1.87488
0.3724
1.39888
0.35952
1.75056
1.00688
0.71848
0.24248
0.16184
0.35448
0.05376
1.5624
1.59376
0.154
2.26184
0.13776
1.48568
0.40712
0.70784
0.45136
0.96768
0.84336
0.44576
0.58464
0.40544
0.45136
0.8288
0.1708
0.06608
0.084
0.32648
0.52024
0.46424
1.5596
0.68488
0.22904
0.04648
0.72128
2.11792
1.25048
0.39088
1.05728
1.03656
0.10584
0.01456
0.3444
1.10152
0.77728
0.89376
0.30632
0.154
0.5908
0.68264
0.92568
0.48216
0.18592
0.28728
0.29568
1.29976
0.70728
1.90232
0.66808
1.62736
1.75448
0.93464
1.20848
3.0044
1.20288
0.78344
0.09072
0.74256
1.8256
0.20608
0.66864
0.13328
0.17304
0.0588
1.44816
0.17976
0.04144
1.09928
0.39872
1.88104
0.24696
0.08008
0.09296
1.87712
1.02256
0.56728
0.67872
1.17488
0.58072
0.16016
0.55832
0.05656
0.04536
0.85848
0.28168
0.77952
0.08232
0.02352
0.10472
0.43624
0.4536
0.27048
0.08344
0.57064
0.37856
3.67024
0.04256
0.5824
0.28392
1.09032
0.84392
0.06496
0.09352
2.62304
2.14816
0.43288
0.04984
0.0756
0.32592
0.03024
0.16744
1.32104
0.22792
0.05432
0.14616
0.45248
0.25704
0.43568
2.17896
0.20496
0.02632
2.4136
1.94656
0.20272
0.6356
0.2856
1.21912
0.20272
0.952
2.84648
2.74064
1.20008
0.35728
1.33784
1.05504
0.88816
0.22064
0.48552
1.02816
1.60832
0.16968
1.63408
0.03528
0.34608
1.20064
0.95984
0.14896
0.38024
0.11144
0.25424
0.1428
0.04368
1.02816
1.62344
0.52192
0.30968
0.20496
0.51016
0.21336
1.23704
0.51632
0.42
0.24528
0.83384
0.112
0.71344
0.43232
0.80752
2.3576
0.35896
0.30296
1.3188
2.37552
1.1312
1.2208
1.65256
0.67536
0.34776
1.48848
0.4396
1.01416
1.65704
0.6832
0.42504
0.73024
0.76832
1.4112
0.14336
1.22024
0.84952
1.04384
0.5992
0.4732
1.07968
0.67592
1.16928
0.05376
0.27664
0.60816
1.7304
1.15696
1.38768
0.8568
0.81648
0.83608
0.00952
0.45584
0.4984
0.59696
0.78568
2.00704
0.09856
0.75824
0.602
0.33096
0.82152
0.06664
0.23072
0.37072
0.74144
2.69976
0.93016
0.39984
1.316
0.78456
0.33208
1.37032
0.97216
0.33376
0.08176
1.40672
0.11144
0.4564
0.75488
0.5656
1.46832
0.29232
0.35
1.78808
1.974
0.89096
0.66696
0.2996
0.21448
0.1456
0.45192
0.3724
0.17024
0.58184
0.21504
0.37632
0.09968
0.7084
0.90272
0.196
0.15512
2.01488
0.4536
1.53888
0.79408
0.34552
0.05376
0.2996
0.26096
0.04816
0.13664
0.03136
0.15624
1.204
0.77952
0.95312
1.5484
0.37632
0.60312
0.59976
1.2768
0.91224
0.35112
0.34104
0.49448
0.58016
0.83328
0.49952
0.07224
0.29848
0.02632
0.07728
0.46256
1.67664
0.99064
1.24656
2.00088
1.6408
0.5348
1.218
1.14464
0.67032
1.04272
0.27328
0.09632
0.74536
0.756
0.09632
0.55048
0.5152
0.61992
2.13192
0.06944
0.63392
1.33672
0.91672
0.06496
1.32496
0.82656
0.25928
0.83216
0.5628
1.07352
0.87024
2.36488
0.14392
0.87136
0.41328
0.13888
0.1316
0.45416
0.02464
0.01008
0.29736
1.90176
0.2268
0.2912
0.71232
0.52416
0.06048
1.20736
0.09296
0.35616
0.728
0.25256
2.9288
0.3472
1.21744
0.05488
0.94192
0.36736
0.71568
4.10256
1.47952
0.36904
0.1988
0.21448
0.46704
0.73472
2.35592
0.6216
0.71904
0.98392
0.73304
1.21968
0.18648
0.322
2.7244
0.74144
0.61656
0.08512
0.97888
0.91952
0.67256
0.52584
0.30912
0.04872
0.13104
0.7364
0.32088
0.16184
1.10432
0.36232
0.37856
0.5964
0.15456
0.67424
1.09032
0.13384
2.56144
0.13776
0.55664
1.03768
0.86016
1.35912
0.12824
0.50176
2.41696
0.05712
0.99904
1.18776
0.94528
1.98688
0.54152
0.04312
2.65384
1.24544
0.32256
0.0924
1.9712
0.64624
1.77296
0.06944
0.17192
1.8956
1.41232
0.15568
0.19992
0.05824
0.60368
1.00016
0.65576
0.92176
0.94752
0.4256
0.0784
0.4816
0.26544
1.14688
0.99344
0.2016
0.36288
0.4508
0.05712
0.60088
0.92008
0.0224
0.37744
0.3836
0.33264
0.94584
0.05712
1.20848
0.11928
0.0252
0.43848
1.56408
0.65688
1.06736
0.93352
0.59248
2.45392
1.70128
2.43544
0.59528
0.4816
0.74256
dv0	force5	site148	[AMP]300
0.24416
0.05096
1.55792
0.57904
1.01248
2.33016
2.16384
0.15848
1.9852
0.58464
0.3612
2.92936
2.52336
0.54208
1.2712
4.30024
0.10696
1.638
0.09576
0.98448
0.11368
0.0644
0.16688
0.16352
0.57288
0.12096
0.03752
0.26824
2.01264
0.39312
0.5488
1.09256
0.04536
3.50504
0.76272
0.6916
0.70616
0.03976
2.79384
0.63784
0.34104
1.70184
0.1652
0.50624
0.0308
0.5208
1.59432
3.12928
0.15792
0.33152
4.14792
2.0748
1.29248
2.09944
0.66472
2.23832
0.06664
0.5516
0.94248
1.5372
0.8148
0.07784
0.40376
0.6888
1.13568
0.32592
0.52696
0.02688
0.03696
0.04816
0.33488
0.65632
0.91784
0.19208
0.68992
0.7224
0.36064
0.36624
1.55904
0.30968
1.60832
0.88984
0.93072
0.95592
1.21128
0.64624
0.85176
0.47376
0.38752
0.03584
0.45864
0.98392
0.476
1.51312
2.49368
0.40488
0.82264
1.512
0.34384
0.14224
2.55304
1.36976
0.31024
1.00688
0.7448
0.8876
0.26936
0.17136
1.30032
0.59416
0.75488
2.18344
1.73656
0.17248
0.5992
2.02328
0.74424
1.02592
0.6944
0.7224
2.07592
0.07392
3.2536
0.938
1.11944
0.74256
2.79888
0.67704
1.0556
0.43512
0.51968
0.322
1.10096
1.18888
0.76216
0.61376
0.07336
0.76384
1.53384
0.48888
0.12544
0.13328
0.88592
0.39984
0.90328
1.00352
4.02976
1.3244
1.70016
4.43912
1.28688
0.1344
1.11552
1.32664
0.11368
0.25368
1.91968
0.27944
0.41888
0.45752
2.1252
0.7196
1.0108
0.5628
1.80824
3.1696
0.82544
0.84168
0.15568
3.41152
0.33712
0.89208
1.66208
0.18704
0.2576
0.18144
0.48776
0.056
0.64008
1.80992
0.4116
0.63952
0.1652
0.38248
0.02184
0.89152
4.774
0.056
2.71208
1.13008
1.96728
2.88232
0.32704
0.93016
0.12152
0.45192
0.79632
0.46032
0.07056
5.13184
1.0108
0.03976
3.7716
0.25648
2.16608
0.05208
0.13888
0.86632
0.54488
0.38752
0.41048
1.0052
0.21504
0.86912
0.09352
0.09968
2.01488
0.72744
0.45024
0.23912
0.18592
0.48216
1.06456
0.13552
0.76216
1.96168
0.78736
1.94432
0.93072
0.20552
0.31416
0.06496
0.1624
0.83496
0.0896
0.04928
0.80136
0.28672
0.67928
0.48552
3.01504
0.25872
1.08696
2.28816
2.09776
1.67104
0.33656
0.50736
0.42112
1.14632
0.63784
0.05768
0.64904
0.05208
0.01232
0.05208
0.29456
0.2184
0.9464
1.77576
0.08232
0.23744
0.69664
0.44408
1.69904
2.61688
1.50024
0.61096
2.5284
1.83568
0.54152
0.21168
0.4508
1.32272
0.33544
2.52056
0.84616
0.22064
0.86632
1.39048
0.97384
0.42728
0.72352
3.94912
0.04368
0.04984
1.1424
0.84448
0.31416
1.03152
0.36736
0.17864
0.72968
0.76944
0.12656
0.86352
0.58408
0.33992
0.24136
1.38824
0.54544
1.20344
2.13696
1.30088
0.62216
1.59432
3.46304
0.77448
0.29568
0.82096
1.3272
1.89728
0.88256
1.42688
0.94024
0.04424
0.22568
0.51296
0.21672
0.04816
0.06104
0.66584
0.43848
1.11496
0.27104
0.3248
0.7756
0.32536
0.61376
1.08528
3.13432
1.13176
0.20216
1.65032
0.63672
0.24248
0.09856
2.1
0.84504
0.4592
0.238
0.04872
0.21224
0.07504
0.51912
1.00576
1.62344
1.37536
1.14296
0.68488
0.8736
0.1904
3.60248
0.6328
0.3724
0.3724
0.3108
1.08304
0.70504
1.25216
0.57624
0.03752
0.16464
1.23256
0.1176
0.658
0.61768
1.3468
0.92848
0.33768
0.1792
0.82712
1.17656
1.70464
0.73024
2.20136
0.02408
1.31768
0.27104
2.17056
1.35464
0.28952
0.41944
0.2576
0.2576
2.2036
0.34776
0.2436
0.61992
4.08128
2.84872
1.16088
3.67304
0.06496
0.3276
0.29736
1.05784
1.53776
1.41792
0.37296
0.46648
0.94304
1.65872
0.084
0.11536
0.34888
0.22288
0.4816
0.81984
0.71512
0.43008
1.46328
0.11984
2.38112
2.65664
0.01064
1.15696
0.17808
0.83048
0.44632
0.1596
0.21392
0.74312
0.13832
0.22064
1.1088
1.78024
2.05128
0.76104
0.29064
0.0336
1.8844
0.1092
1.31992
0.9044
0.08456
0.54376
0.30968
0.43008
0.17528
0.32872
0.028
0.08232
0.14
0.6468
1.26952
0.0084
0.44912
0.28504
0.30296
0.30688
0.5208
0.8036
1.49912
0.01624
0.13776
0.11144
0.45808
0.37744
0.308
0.7084
0.02072
1.4196
1.11776
1.34064
0.15232
0.69384
0.1092
0.14728
0.05432
0.6804
1.06624
0.63056
0.11648
1.45264
0.28672
2.09216
0.09296
0.2604
1.5736
1.13232
0.12376
5.66104
0.546
0.41384
1.93872
0.93912
0.07952
0.59416
2.2456
0.02464
0.18704
0.32872
0.22456
0.6216
1.1088
2.66672
0.13944
0.44296
0.62384
2.2232
0.25256
1.30312
1.20904
2.58104
0.04648
0.0504
0.01064
0.25928
0.05264
0.4732
0.14336
0.308
0.26992
0.90608
3.19032
0.79632
1.5064
0.04816
0.57176
0.74312
0.28896
0.1792
0.62048
0.91952
5.42528
0.29624
3.32528
1.274
2.69528
1.23088
0.24864
0.4872
0.58912
1.18048
0.62272
1.48288
0.32368
0.28392
0.01176
1.022
1.41512
0.15064
0.14896
0.47376
0.20944
0.02856
0.43008
4.06448
1.38544
1.5596
0.63448
0.68712
0.12544
0.45528
0.23352
2.56592
1.97344
0.22232
1.66712
0.5096
0.33768
0.05264
0.2604
1.20008
0.68656
0.61992
0.64904
0.27944
1.94488
0.95312
0.21112
1.40056
0.34888
0.52584
0.12432
0.16184
0.87024
1.46216
0.73808
0.50848
1.7136
0.2828
0.35616
0.616
0.21952
0.33712
0.26432
1.52096
0.11256
1.3524
0.92568
0.08176
1.01416
0.30912
1.5036
0.39256
0.3696
0.16408
0.74312
0.0532
0.3248
0.08792
0.10136
0.6636
1.08808
0.0868
1.14072
0.39872
1.87432
0.10808
0.1092
1.33672
0.25256
0.798
2.00816
0.2576
0.88368
0.65576
0.3976
0.56224
0.10976
0.18928
0.31864
0.19488
1.27064
1.13008
0.574
0.26936
2.04512
0.4648
2.89464
0.29848
1.36528
2.41528
0.30688
0.47152
0.22064
0.40936
1.33952
2.04736
1.52656
0.32312
0.84168
0.82544
0.72408
0.37296
1.72144
0.76104
1.24376
3.02008
0.084
1.91408
0.23408
0.0644
0.13664
0.32536
1.12
dv0	force7	site148	[AMP]300
0.47824
0.10416
0.41048
0.04424
0.44408
0.12992
0.11256
2.85936
0.9324
0.4508
0.73696
0.03752
0.31752
0.03752
3.07104
0.69776
1.58088
0.25704
0.07616
2.7356
0.4424
0.49392
0.03584
1.72032
2.24
0.06216
0.546
1.08192
1.17376
0.07056
0.31528
0.46984
2.52504
4.36912
5.7092
0.13552
0.04256
0.03248
0.23296
1.10544
1.44144
0.96992
0.42616
0.10472
1.93424
2.24112
0.1904
1.38208
1.75728
1.1396
3.44568
0.06832
1.02312
0.60144
0.4424
0.78904
0.05544
0.59976
0.014
0.5152
0.20104
0.0084
0.06272
0.7224
0.45192
1.24768
1.18944
0.31192
0.7112
0.42504
0.58856
3.06992
0.78008
0.05152
0.6244
0.38752
0.22064
0.0252
1.11608
0.01792
0.35
0.83888
4.11264
1.00128
0.23688
0.25928
0.13776
0.14056
0.4704
0.28504
0.7532
0.8736
0.79632
0.05992
0.1624
0.56
0.06664
0.03752
0.08792
0.05544
0.4928
0.21784
0.10416
0.28448
1.09256
1.87768
0.31696
0.98728
0.6328
8.34064
0.33936
0.84448
1.5988
0.11592
0.28112
0.67144
0.72632
0.31192
1.62736
0.2576
0.11032
0.23016
5.80608
0.11872
0.33432
0.36792
0.80752
0.43008
0.19712
0.25088
0.68712
0.18648
3.14048
0.31192
0.10304
1.45992
0.644
0.03864
0.28728
4.07736
0.0364
0.2156
0.3668
0.54544
2.26072
0.2772
2.14032
0.09912
1.87712
0.06776
0.96768
0.0532
0.54656
0.60536
0.53256
0.06048
0.2856
0.32088
0.57848
0.68656
0.12208
0.39424
1.8144
0.46704
1.3356
0.18312
1.14408
0.238
0.31584
0.5628
0.50512
0.16184
0.93016
1.04832
0.25592
0.44352
0.1036
0.26824
0.42
0.10248
2.3968
0.93856
0.10528
0.26768
0.0952
1.57136
0.16576
0.12656
0.1624
0.21448
0.31304
1.48232
0.5936
0.21952
1.46272
1.26
2.52952
1.15248
1.1956
1.52432
1.23928
1.63296
0.1848
0.23856
0.3444
0.7812
1.34232
0.924
0.27216
0.14056
0.12936
0.55776
0.3136
0.05432
0.12712
0.51464
0.25648
0.68152
0.43792
0.50456
0.18088
5.8856
1.07072
1.52824
0.01848
1.11664
2.19408
0.87416
0.68824
1.61392
0.08232
0.44912
1.51144
0.35896
0.45248
0.77448
1.66376
0.25144
0.91336
0.35112
0.10752
0.71792
2.30216
0.86576
6.52344
0.8008
0.76832
0.05768
0.05376
0.13832
0.53032
0.37128
0.26264
0.1988
2.29712
0.3836
3.61928
0.65576
0.35448
0.73864
0.72464
0.58184
0.18928
1.39888
0.35448
1.70184
0.05488
0.0252
0.29568
0.27384
0.10584
4.45424
0.02352
0.91
0.35056
1.04384
1.05112
0.70224
0.78624
0.28672
0.65576
0.03808
2.83752
0.04592
0.04256
0.04312
0.06832
1.23816
0.38696
0.5908
0.8764
0.06048
2.94224
0.18872
0.0896
0.43512
0.24024
1.13232
0.99624
0.02632
0.08792
0.97664
0.17024
0.22232
0.10136
1.46776
0.98616
0.17472
0.12936
1.6884
0.34272
0.25256
0.22512
0.24192
1.17768
1.84016
0.02352
0.40376
2.0384
1.18944
0.6132
1.11608
1.58256
0.16184
1.15584
0.05712
0.74032
1.06624
0.784
0.06104
0.77784
1.54728
2.05912
0.02184
0.57904
0.53144
2.45336
0.26264
0.82712
0.3332
0.12992
0.33376
2.41808
0.19544
0.49616
0.88144
0.85624
1.46944
0.22288
0.05768
4.46376
1.58256
0.5124
1.13792
1.33448
0.03864
1.204
0.60872
0.49448
0.06216
0.73416
0.12488
0.22624
0.29176
0.42672
0.79744
1.96952
0.21056
0.97048
0.22736
0.01568
0.70168
3.03576
0.5824
0.3108
0.15624
1.3076
2.12968
1.00352
2.6208
1.68784
1.59936
0.3164
0.45528
0.46312
3.33144
0.23968
1.1676
1.27624
1.15472
1.52432
1.10992
0.3024
0.9044
0.03192
1.20008
0.80864
1.2124
2.57264
1.1984
0.0224
5.63864
0.23016
2.4304
0.84392
0.20944
1.09312
1.9544
2.09832
0.28112
0.14224
1.53104
2.60568
2.08768
0.58352
0.48664
2.65384
2.8952
0.09576
0.02352
3.37008
0.2352
0.11368
3.59016
1.50472
0.2212
0.20664
0.34832
0.12096
3.13376
0.95032
0.37856
2.98312
1.67328
1.46328
1.1788
0.40768
2.0104
0.27888
1.08528
0.3136
0.64792
0.03472
0.43344
0.33432
0.3192
1.86424
1.34456
2.58944
0.03528
1.57136
0.65408
0.82432
0.07224
2.98816
0.27216
0.32592
0.0616
0.71512
0.02688
0.06608
2.20416
2.33016
0.01792
1.71864
1.60328
0.1372
1.72536
0.07784
2.22992
2.40856
0.6384
0.03752
0.35392
3.11304
1.7276
0.77392
0.29232
1.64528
4.1748
0.58184
1.65592
0.03752
1.9236
1.67664
0.76664
0.14672
4.09976
0.53256
0.06888
0.6832
1.98856
0.19152
1.02088
4.51752
0.9548
0.54264
1.95664
1.30032
0.4564
0.25592
0.294
0.73584
0.8848
2.2456
0.54824
0.62104
0.43904
0.36736
0.15176
0.19712
0.56952
0.35224
0.09072
0.4564
0.1708
2.20192
0.12712
1.82448
0.06216
1.4196
0.19712
1.99024
0.06608
0.41832
2.35032
0.49056
0.38416
1.97456
0.65072
0.39816
0.67424
0.54712
3.23848
1.67496
3.86792
0.23072
2.2288
0.5628
0.17976
0.44464
0.3864
0.25536
0.54152
1.302
1.90288
0.67088
1.64528
1.862
2.89072
0.04424
0.22288
0.27496
1.02088
0.07224
0.11872
3.2732
1.21296
0.30408
1.32216
0.66136
0.95704
0.02576
0.17752
0.32984
0.45416
2.20024
0.16016
0.294
0.32424
0.12656
2.75184
0.77168
2.14256
0.07504
1.52824
1.87096
1.93592
1.17656
1.55456
0.86632
0.66808
0.294
1.694
0.47712
0.36344
0.8316
4.4184
0.79184
0.25704
1.13176
0.86352
0.43176
0.46032
0.48552
0.36288
0.658
0.06104
1.74216
0.37352
0.16128
0.58856
0.88648
0.0224
0.2744
0.88424
0.16352
0.20664
0.80976
3.97152
0.882
0.37128
0.4788
0.48328
1.63408
1.46552
1.12336
0.71232
0.4032
0.266
0.40208
1.14352
1.10544
0.38864
0.1876
0.8176
1.42352
0.11424
0.73192
0.97216
2.32568
1.02088
0.6104
0.58016
2.6796
0.23576
0.25648
1.28632
1.2684
0.12152
0.8036
0.07448
1.79536
0.72464
1.54392
0.028
0.25536
1.31824
1.1676
1.27624
2.60904
1.13624
1.01696
0.78064
0.12656
0.28168
0.55776
1.0696
0.99736
0.08904
0.33488
3.69936
0.0448
0.9268
2.74736
2.19912
0.6692
0.37912
0.02912
0.62104
0.92568
0.3696
1.442
1.01136
0.11704
0.44576
0.8484
0.532
1.00184
0.3164
2.3436
0.87416
0.1512
0.09576
1.9684
0.30408
3.80408
1.29584
1.99192
0.85176
0.52584
0.15176
0.3248
0.59584
0.72464
0.03024
1.80824
2.40464
0.47376
2.0272
0.06608
0.294
0.89488
2.78208
1.0024
0.64736
0.72912
4.80984
6.37504
0.65352
0.02128
0.44632
0.88928
0.50736
1.3636
0.5964
0.05152
0.2716
1.26896
0.77336
0.48272
0.34272
0.16632
0.26488
0.08176
dv0	force10	site148	[AMP]300
0.50904
0.92288
0.03864
0.4788
0.4732
3.33648
1.13624
0.10304
0.55272
2.04848
0.72688
0.1008
6.15104
0.09912
1.98744
0.04144
1.6464
0.25592
5.99088
0.03584
6.08048
1.72144
3.16176
0.23184
4.98008
0.10584
2.24112
1.82336
0.40824
0.02912
0.39536
0.14952
0.59248
1.13064
0.32816
0.7532
0.6076
0.27552
3.22224
0.91224
0.80136
0.38864
0.91168
1.62176
0.4424
1.16592
0.05264
0.83216
1.90064
0.50288
2.37832
0.48328
3.70552
1.498
0.20104
6.80064
1.81328
0.72128
1.87488
1.74944
0.61712
0.41552
0.41832
1.80264
2.36544
4.00568
1.57696
1.65144
1.82504
0.9632
1.7836
0.2576
1.67384
8.07688
0.93184
0.80528
2.8308
0.43064
0.40712
2.3828
0.588
0.7084
0.27552
2.88176
0.1652
0.20832
0.2212
2.86944
3.53584
0.2072
0.06832
2.002
2.34976
0.18648
0.74424
0.71344
0.04424
1.13064
0.18928
1.66768
0.1596
0.78008
3.64504
0.18368
1.58928
0.33376
0.05096
2.20024
1.51816
0.3556
0.98112
0.28448
3.13768
0.51744
0.81088
0.0168
0.28952
0.77672
0.04032
1.62736
2.80952
0.25984
2.06472
0.126
1.49128
2.04736
0.392
1.97624
2.48472
0.06776
2.3912
1.4112
3.85616
2.10672
1.49576
0.25592
2.60232
1.92136
0.17248
1.72424
1.31712
1.21744
1.62344
1.15752
1.2628
0.294
1.5008
0.27776
1.95048
1.02088
0.95424
0.28616
2.09664
0.62608
0.2576
0.49448
0.378
0.0364
0.89992
0.23352
1.78528
3.15
1.55232
0.62384
0.4452
0.08624
0.34832
1.90288
0.25872
0.00952
0.60872
6.53968
0.46648
1.14912
2.10448
2.06808
0.98896
1.20904
1.79648
3.11136
4.74936
0.7784
0.09016
0.0588
0.16128
0.10024
1.28576
1.35296
1.03264
0.0672
0.46256
0.28672
0.79352
0.02352
0.12768
1.70352
0.15344
0.08064
0.21392
0.1316
0.16912
0.31696
0.17024
0.112
0.6608
2.22824
0.73864
2.75184
1.74608
0.21168
0.8512
0.2688
0.0728
0.8316
1.72256
0.06944
0.58464
0.20272
0.40264
0.07168
1.73264
0.05712
1.06512
0.06216
0.0812
0.07784
0.17136
0.11368
0.44464
0.79744
0.86016
1.08808
0.69552
0.75264
4.45872
1.22696
0.9548
0.18032
0.07112
0.09296
2.06584
1.49184
1.58648
0.014
5.24272
1.83288
2.39456
1.20624
1.81664
1.55064
0.14672
0.50008
0.55552
0.3836
0.03752
2.73896
1.24264
0.34216
1.06008
0.01904
0.13384
0.17976
3.28944
0.02912
3.2844
1.06064
1.11216
2.43824
0.30408
0.01904
2.61968
2.40912
0.14336
0.08568
0.33208
2.1
0.66528
0.18536
2.9568
2.47296
0.25032
1.77856
5.01424
0.4116
2.184
2.92096
0.22288
0.1232
0.64624
0.51184
0.52528
0.94416
2.29096
2.9064
7.01176
0.14672
1.81776
2.8196
0.06272
0.04088
0.61936
1.00128
1.30984
1.92472
0.84336
1.84632
0.26544
0.23912
4.36688
0.46368
0.10528
4.19608
0.2884
0.23296
0.06216
0.0392
3.5112
0.18144
3.03408
0.28112
0.06888
2.3212
0.78848
0.46928
1.11552
0.20888
0.64288
0.98896
0.0952
1.42688
0.9492
1.5204
0.2604
0.31528
0.74088
0.5292
0.03584
2.1364
1.15808
0.16688
0.04872
0.82208
3.78616
0.72296
0.0308
0.27048
0.78792
5.10608
0.55384
0.15736
0.31304
0.41888
0.13384
2.05296
2.18232
0.17472
0.9408
0.0784
0.99176
0.17864
0.95928
0.20384
0.35
0.3136
2.3968
0.58912
2.48864
2.07648
0.80304
0.59696
0.80864
2.2904
2.5144
2.70312
1.44704
2.9736
0.15848
1.4952
0.30296
1.4728
1.5316
2.76192
0.80024
0.94248
0.11872
1.74944
0.89656
0.36008
1.74888
0.36008
0.25256
1.01136
0.24864
0.04648
0.48048
6.2216
0.6132
0.92456
0.0364
3.02008
4.47216
1.736
0.29736
0.23632
1.68728
0.76664
0.48328
1.1592
0.05656
7.29568
3.78448
1.17208
0.69104
0.07784
0.98112
0.39312
3.8612
0.41216
1.83008
0.8456
0.14896
0.70168
1.30648
0.406
1.45656
0.08568
0.49784
0.13944
0.35672
1.38768
0.02856
0.76776
0.0644
0.85064
0.19936
1.06008
0.9072
2.07592
1.94488
0.04592
0.0952
0.85848
0.24304
0.238
1.428
0.11592
0.06384
0.0672
0.93912
1.27848
1.03768
0.56112
0.2128
0.89656
2.73336
4.17536
0.88928
0.11256
1.66936
0.87304
0.42672
2.34136
0.14616
0.06048
0.25256
0.28336
0.01456
1.01976
0.48216
0.72072
4.08856
0.36288
0.03696
1.17264
1.7472
2.39456
0.12376
0.80248
0.21952
0.2912
5.79936
1.22304
0.63056
1.29528
0.39424
0.3164
0.2016
0.09072
0.532
1.98016
0.74816
2.95176
1.22192
1.88384
2.35144
0.26768
0.05152
0.08512
0.16352
0.32648
1.10712
3.38576
0.60984
1.3076
0.14784
0.1792
3.18696
0.16128
0.02464
2.3016
0.1736
5.53504
0.69552
0.49896
1.52432
0.86128
0.3892
3.1416
4.72024
3.72064
0.55328
3.83432
1.78248
0.19712
2.3044
1.00016
0.34048
2.52448
1.00296
1.66544
0.81032
1.44704
4.69
0.96488
4.02024
4.34336
2.7496
0.25032
1.21632
0.17976
0.32648
0.52528
1.48176
0.30856
0.14672
0.75152
0.19488
0.89768
0.83608
0.0252
0.79296
2.43992
0.42224
2.50768
0.55552
1.99584
0.2772
3.1808
1.99528
0.21504
0.03752
0.53872
0.02072
0.42448
0.38528
0.61096
0.02576
1.10992
0.02912
0.04032
1.65368
0.7756
0.3892
0.056
0.24472
3.03296
0.14672
1.73432
10.61032
0.9352
1.18832
3.38184
0.40096
0.16576
0.238
1.29584
1.47672
1.11776
0.14168
0.91336
2.08376
0.6412
4.81376
0.17136
0.01008
0.62888
2.79104
2.0552
0.64624
0.55664
0.18816
0.11088
0.73584
1.02928
0.168
0.25592
5.78592
0.13944
0.70056
0.74032
0.51296
0.5796
0.09632
1.28408
0.14728
3.49832
0.95144
1.70464
0.15848
0.25648
3.40088
0.17192
0.3528
0.3892
1.04608
0.06272
3.38576
2.01936
2.21592
0.16744
0.476
0.82376
1.60272
1.0752
2.2764
1.77632
1.33056
0.37968
0.13888
0.26488
0.09968
0.39984
1.47504
1.32944
0.32928
0.49952
0.1652
1.88832
0.77616
0.89208
1.82448
1.0472
1.7724
0.65576
0.40376
0.02912
4.18936
1.44984
1.7696
3.3488
0.24416
1.75112
1.03936
2.73224
0.2268
1.18328
1.22304
3.40144
1.47896
3.12648
0.85848
0.28672
0.658
0.08736
0.54992
3.64056
2.62696
2.59224
0.26152
1.09704
0.72408
0.3304
0.43736
0.41832
1.23928
4.886
0.55328
3.2452
0.644
0.25312
0.56
1.81832
3.59576
0.20384
2.40072
0.08624
7.04816
0.94696
1.40168
0.78624
1.0612
0.03808
4.62168
0.65912
0.68152
4.17536
1.44032
3.49832
3.62208
0.25368
0.51912
0.1232
0.05096
1.32272
1.19112
0.02128
2.56648
0.4956
0.16072
0.21952
0.31752
0.04816
0.43456
0.38472
1.97512
1.61168
4.69784
0.0168
1.44032
5.3536
0.72128
1.17152
0.66472
0.36736
0.18368
0.06944
1.66768
0.42952
1.5848
1.72536
0.01232
1.17712
0.26376
1.5064
dv0	force15	site148	[AMP]300
0.6692
3.82816
0.79968
1.71472
0.06832
0.09016
2.1812
2.562
0.09016
0.53368
4.24928
1.274
4.54048
2.67232
2.24896
0.04928
0.35784
0.49784
2.34584
1.08304
0.53312
0.1904
0.26376
0.27832
0.68936
0.55888
1.36248
0.0168
1.6016
3.88584
6.3728
0.05544
0.6244
2.82016
0.6664
0.84616
0.71288
0.03584
1.70296
0.9128
0.7308
0.88032
0.07224
0.28
4.54552
3.23176
4.11096
4.12496
0.29288
3.93512
0.16632
0.2212
4.21848
1.3552
4.9224
3.05872
0.6748
3.85168
1.96728
0.13608
0.04592
0.3444
0.57288
1.22976
0.15288
1.75672
0.02744
1.62456
0.42336
1.05056
4.75216
0.02576
0.76608
3.83712
2.0384
0.04648
0.27496
0.60928
3.41656
0.0812
0.55608
0.57456
1.0752
0.9632
0.1064
0.6328
5.4936
2.254
0.07448
0.3556
1.48176
0.63224
0.35448
0.95144
3.24576
1.41344
6.37504
3.08336
0.35896
0.5768
1.1424
0.88648
1.76008
1.66208
2.28312
3.21944
2.8644
0.36344
0.04032
0.95312
0.29512
2.38896
0.09128
0.39928
4.7992
0.31976
0.07
1.88328
9.90808
1.36192
3.06432
1.13232
3.20152
0.7112
3.2116
2.6208
5.15424
3.17072
0.14728
4.24704
0.8204
1.05
6.73288
2.08936
6.36944
1.6296
4.4128
0.9408
0.2044
6.74632
1.344
6.21544
2.99824
2.03392
7.08624
2.058
6.83032
0.03976
0.13216
1.98128
10.45856
0.252
0.08176
1.49072
4.13728
0.3472
0.3472
0.06552
5.89344
1.28128
2.99544
0.12768
5.26064
5.92816
1.08752
3.9368
0.04592
2.64656
0.0532
0.084
1.41288
1.15864
2.25232
1.12616
1.90512
3.02624
0.46032
13.13984
0.67704
0.11144
0.6356
0.80024
2.73896
1.95496
8.0668
1.30032
1.66656
0.88592
0.70952
0.25144
3.11752
7.69888
0.02352
0.21392
0.54488
3.36168
0.04984
0.32928
0.91056
4.88768
0.7952
0.53984
0.06664
0.64008
0.9772
4.49064
0.45136
5.62296
0.09352
3.79624
2.7188
11.41392
0.71008
1.8508
0.66976
0.03472
3.62712
6.03848
0.02016
1.38936
1.15472
2.7916
0.3696
0.896
5.02824
0.3136
6.34872
3.8192
0.48888
1.81944
0.24472
2.89184
0.87976
1.57192
0.50512
0.16968
0.98336
1.00856
1.456
0.02632
1.20624
4.69112
0.98616
5.26344
0.41104
1.84128
0.14056
2.74848
2.65104
6.32912
4.6228
0.13552
0.46144
8.09312
3.05592
3.1752
0.80472
0.26824
0.39704
4.2168
7.07448
13.40584
1.90848
1.5176
3.92168
3.50672
0.03304
0.13776
0.1316
1.16872
3.89984
0.91616
1.29752
0.53592
0.39816
0.97384
1.30256
1.28184
2.52616
3.13712
4.63624
1.9628
0.27664
5.67616
2.57264
0.2464
0.57008
3.25192
15.2544
6.38512
0.36512
0.42448
0.23128
0.02856
1.87824
0.83664
3.70048
0.91224
5.47344
0.46984
0.81704
0.1512
1.12448
7.00448
1.78528
2.98704
0.54656
0.9548
0.22512
1.93872
0.16632
0.75824
2.72776
1.05896
2.35032
2.72328
0.16352
0.18368
1.04496
1.72536
0.07336
1.21912
1.09088
3.1248
3.07832
1.26504
1.09648
1.54616
0.36176
4.87928
0.30184
0.3164
2.94336
1.00968
0.29512
0.6132
1.09256
1.8956
1.23312
0.05656
0.854
0.13104
3.21664
2.59784
0.1344
1.67048
2.33464
0.518
1.93536
8.48792
6.40752
0.4032
0.23632
1.71192
1.96448
1.93256
2.1672
0.24304
0.784
0.94416
4.66872
0.34104
0.05824
0.0196
2.9344
1.46552
0.62328
1.24488
1.53104
3.36672
1.00744
0.4004
2.83864
0.36904
0.42
0.55776
0.01232
1.18664
0.31752
2.28648
0.08568
2.184
0.20776
2.43376
2.79552
1.19112
4.59368
0.69216
7.6972
0.43232
1.96112
2.30608
0.13944
1.67328
1.81552
1.35632
4.38144
4.95096
0.9212
0.38752
0.31584
0.3528
5.83072
2.29992
2.27248
0.57792
0.60536
2.52392
0.63336
9.09384
2.8028
0.28896
3.03128
2.268
4.31536
1.90512
0.66528
1.83232
0.01792
2.53792
0.9856
0.64176
6.57496
3.84104
1.09144
0.03304
0.60816
3.23064
0.42952
1.77968
1.39048
0.04816
5.59552
1.43472
4.242
0.60032
1.316
11.49456
2.1112
4.29632
0.22568
3.42104
0.16184
0.86352
0.2156
0.29736
2.91312
2.1644
3.33704
1.69344
1.82336
0.64232
8.316
2.02944
0.16688
0.13944
0.20272
10.59296
2.55864
3.16736
0.18928
0.54936
2.20192
0.1204
2.64992
5.04
2.08152
1.29752
5.78872
1.00072
2.14592
3.78616
3.06824
0.07672
0.03696
6.37168
12.48352
0.40152
0.17696
1.3104
0.28224
4.25768
2.35648
2.7748
0.25984
1.18664
1.38488
2.40352
0.05656
0.35784
3.0072
0.32368
0.90888
2.0272
1.10488
0.88424
1.30984
0.10192
1.95888
0.80024
1.77632
6.96528
2.35648
0.46648
0.93352
7.11928
0.54208
0.91504
2.47352
0.5992
0.36624
22.73488
0.68936
1.02872
3.56776
0.21896
2.72664
3.65848
0.10808
1.26392
2.55528
4.3092
1.14296
1.43192
2.44608
5.54736
0.36512
0.21784
0.15456
0.03976
1.036
3.06376
0.12936
1.18496
7.11592
2.70312
2.82856
2.632
4.914
3.64616
1.92976
3.13152
2.95232
0.55048
2.74232
0.4368
0.1456
0.99064
1.20904
1.31152
8.92136
2.77144
1.05952
0.30072
4.44752
0.50624
2.22488
2.3996
0.05264
3.12928
2.62248
9.40072
0.39256
1.29696
0.1176
6.31176
1.63688
0.89712
0.03976
5.00248
0.0504
0.06328
0.88984
0.12936
1.2068
1.02872
0.62104
1.52208
0.3752
0.18032
1.77632
1.51872
2.37104
1.54504
0.57512
0.89824
0.0364
3.17688
0.53592
0.01512
0.6776
0.46928
3.7772
0.4536
0.01904
4.50128
3.13432
3.7408
1.49072
2.01936
0.06776
0.77224
1.1648
1.7304
0.2716
1.17824
3.5252
0.21056
3.05032
0.47096
2.49536
4.88264
4.85688
2.3128
0.85736
3.23904
0.40264
0.8932
1.42072
0.40544
2.65552
0.17584
2.47744
0.68432
1.1984
7.4732
0.10528
1.63856
1.2012
2.99824
0.16128
1.40112
3.7492
0.18144
0.38304
2.9792
1.08808
1.67944
0.1456
2.46624
3.39248
0.1204
5.20296
5.77584
0.03752
13.20648
1.22136
4.28736
0.34776
1.02816
0.8064
4.4436
3.36
0.15568
2.14312
6.78888
0.87584
1.20176
0.19768
1.84856
0.44184
1.55288
1.98072
0.62104
0.20496
5.53784
4.76336
3.52968
2.00032
1.02704
6.18632
1.43024
1.71808
1.88496
1.07016
0.13608
2.60736
0.72352
2.4668
7.92792
0.13888
1.57584
0.46088
0.042
2.12408
0.20832
0.08736
0.18424
0.25536
0.22288
0.56672
0.70336
2.0748
1.53664
1.63352
6.94288
0.20552
2.2148
1.10096
0.336
0.35336
0.4928
2.54464
1.848
1.16144
3.03688
0.97384
16.56704
0.14616
1.35632
1.85304
0.01904
3.27712
2.2064
0.24472
0.35896
dv0	force20	site148	[AMP]300
0.67032
9.43712
0.11704
0.24752
0.37464
3.3264
2.69808
0.61936
1.06792
1.05616
3.62768
0.67648
1.18104
0.1624
0.35728
2.23048
2.41248
3.67528
0.196
0.15456
7.11592
2.86608
0.40992
0.1344
5.94496
1.80936
8.0808
4.75832
2.0412
9.56256
2.20192
11.61384
0.2856
1.246
9.24616
2.91424
0.21784
4.92464
3.04136
1.7444
8.05784
1.80992
1.93312
4.06504
5.49416
2.56536
1.20176
0.18088
13.3056
1.73096
2.5424
6.59064
4.27224
0.1876
6.77488
1.09872
2.15208
6.04072
0.16576
3.53472
5.54512
0.3276
0.3584
1.19
12.76968
0.41104
5.57592
2.26128
1.45768
8.2404
0.96376
10.62152
10.1108
0.21336
8.22136
9.7076
0.07896
0.5264
2.08936
1.29808
1.84464
0.50176
0.09968
5.48072
2.23552
0.03416
1.42744
0.91056
0.63224
0.04816
1.03152
5.91304
2.11512
7.21336
9.27304
10.46304
3.29392
3.46192
7.42616
0.63112
0.87304
2.13416
2.2316
8.67328
1.624
3.90992
4.37976
2.23664
5.69576
0.1624
4.86024
0.74424
2.52392
2.56088
0.84896
1.3104
9.40296
2.01096
3.52072
8.59824
0.73304
0.03248
0.53592
3.3768
2.50656
0.09576
11.53936
3.95864
26.2892
1.33616
5.74616
2.48416
5.31328
11.82328
7.18592
0.03584
8.65312
3.96816
3.80072
0.22008
3.20152
1.55176
0.14504
11.67264
5.68456
3.26536
1.3776
7.45976
1.17264
0.39256
1.37144
0.31416
0.03192
0.1988
4.44024
1.0752
1.81608
0.24976
4.58024
5.85872
1.9852
0.6748
1.11888
0.38976
2.23048
0.11032
1.25776
2.82184
7.15176
1.09592
10.15784
0.75264
0.55216
1.28296
0.16016
0.2632
0.93016
0.06328
4.0124
0.238
2.68408
6.6976
3.79288
5.2808
4.50632
3.69936
0.24416
0.12992
6.20088
0.07336
2.55696
0.32368
3.03856
0.7812
9.40464
0.90776
3.2396
0.58408
1.57528
0.11704
1.12616
17.0772
0.11424
0.83272
5.95448
0.09744
0.0476
1.08304
2.78544
2.7412
0.756
0.4116
0.63
3.77272
0.67424
0.83328
1.16984
2.9736
0.5096
16.83976
8.10936
0.82432
7.02184
1.91352
4.08744
0.5852
2.828
0.21728
1.09368
5.3172
0.16128
3.14328
0.77616
2.14872
2.66392
0.31248
1.75
1.2488
8.25944
16.54408
2.33576
0.84392
3.79512
0.74872
9.83304
0.18592
1.55792
4.004
15.7472
0.112
2.26352
0.07392
7.72352
1.32832
2.716
1.52712
8.20232
1.20344
2.90304
2.13024
3.66408
0.56784
1.04384
1.50416
2.01096
6.2272
16.6684
1.61952
0.40096
7.87248
0.07616
2.82072
7.85176
5.45888
0.58856
0.098
5.3844
6.538
2.2512
5.25112
2.54072
2.31896
11.17984
2.51888
1.49184
3.10632
3.35608
0.44744
1.60608
0.5348
7.87696
1.7724
0.02464
0.6132
0.10136
11.2056
1.17152
0.25704
0.05096
0.72128
6.174
0.1008
0.01512
3.34656
0.53032
9.66728
0.2744
3.35496
0.1708
0.20552
4.0684
0.4284
9.17
0.29568
0.17864
5.14024
0.54544
1.8424
4.70904
0.23128
1.76456
0.73472
7.04256
7.61208
0.8456
2.46176
1.88776
4.9028
4.57912
0.32704
0.58576
2.59056
1.70632
0.22624
6.13872
11.2812
2.4864
7.15064
0.1988
3.74192
0.04872
0.14
3.86848
3.75592
0.0532
1.8368
10.07384
0.27664
0.40712
3.3908
3.97488
2.86888
2.87896
0.06104
2.5424
0.65184
5.4432
0.8428
3.44904
2.50264
5.83688
9.81848
5.81616
0.38752
7.74144
6.75024
6.94064
0.49112
2.62864
0.09856
0.56
1.8592
0.80752
0.17024
1.80544
3.73856
1.81496
6.25184
0.0476
6.52008
1.1984
5.17608
1.11776
0.07448
0.92792
8.50584
0.3528
7.42672
1.04776
1.21576
1.24992
0.46984
1.63408
3.57112
8.58872
0.40432
4.07232
2.44048
1.46944
5.2248
0.03192
4.802
0.6552
3.18304
7.336
3.54648
5.36032
4.4436
2.59
2.53512
2.90976
0.51576
2.70144
6.94344
0.12936
5.70416
2.702
0.67872
0.23968
5.1464
6.24344
0.9856
1.28128
6.81632
7.2856
0.43456
0.88536
3.59744
3.52296
0.9632
2.55192
1.59656
7.14448
4.97112
2.20976
4.69336
1.09424
7.66416
0.0448
0.23632
4.228
4.28232
6.08944
0.02072
0.29792
3.86008
3.63048
2.03392
0.26824
14.06384
0.54936
3.08672
5.85032
0.74088
1.85976
5.3508
2.63648
1.4168
1.45376
4.19328
5.59664
0.96712
2.69864
2.8644
0.4816
4.38424
0.1204
7.61432
2.31112
2.96128
6.65616
0.30408
5.07528
0.10864
0.15288
5.096
14.19824
3.2396
0.05488
7.9044
1.65312
3.59128
4.12944
3.51792
2.48696
1.94376
2.52504
0.23688
1.72312
16.46512
5.06576
0.04984
1.11664
0.32368
2.2372
2.2624
3.80744
1.76568
3.20824
3.31296
2.73784
4.97336
3.5588
10.6428
0.23016
2.89464
4.6648
9.03224
0.09744
4.05048
0.62664
4.00232
2.07368
4.2924
0.2156
2.34192
0.66416
19.48128
2.09552
0.12992
9.37216
1.94208
9.69136
3.48712
4.02024
8.0864
0.06048
4.93808
2.71096
2.6348
1.27736
0.0588
0.02856
7.02352
0.40656
0.28672
3.29448
0.00616
0.95928
4.61832
7.35728
3.09568
8.36696
2.18456
3.6428
9.25736
3.01896
0.13776
0.64568
0.7868
4.19104
1.22248
5.90352
0.07504
11.45536
3.2284
2.89352
2.81288
2.21424
dv0	force0	site148	[AMP]3000
4.42904
0.50176
6.398
2.49144
3.19816
1.66264
2.95456
1.316
5.62016
0.50512
0.60536
5.13184
0.04424
1.95552
1.45656
2.53232
0.2352
1.11272
2.84816
8.59208
0.85456
0.61096
2.28984
0.21504
1.35072
3.6764
1.1004
0.042
2.22712
2.14928
2.21088
1.3552
4.61608
1.31264
6.22832
0.9576
1.56072
0.31864
0.75432
4.10312
6.5996
3.15056
0.58128
7.05824
2.34864
6.84656
0.04144
0.7392
0.28
2.31728
1.58256
3.51288
1.554
5.92256
0.71232
0.2128
0.40824
0.15792
0.82264
1.03152
0.22008
0.43456
3.79456
4.20728
1.18776
4.84792
4.98344
0.61208
1.1032
0.34048
0.8036
1.75616
1.74832
0.9296
0.7392
1.37256
0.55944
0.10808
1.62568
3.7912
2.48248
0.36456
6.31064
0.02632
0.34104
2.24504
8.73208
2.27472
5.62352
1.78976
1.59768
3.64112
4.72528
0.82992
0.5936
0.92792
2.0496
1.41456
0.14784
1.5064
0.64288
1.02144
0.12936
3.12928
0.5628
0.01288
3.97264
0.66976
1.1536
0.48216
1.55008
1.23704
0.99512
0.126
2.00592
3.08224
3.52968
0.06104
2.84088
0.13776
1.1816
13.76256
1.92248
3.7772
1.26392
2.67008
2.01096
2.3632
1.58032
1.17768
1.53888
1.1704
0.04872
0.74984
2.156
1.86424
1.12112
6.0788
0.10304
10.8276
1.28016
3.57
2.35984
4.32432
0.35784
1.39944
2.51216
2.3128
0.2128
2.5284
2.408
11.94984
0.23688
5.82792
0.99568
4.63008
0.81648
0.63952
0.94024
0.91672
1.6576
0.89152
2.54632
0.686
0.07616
5.88336
2.49704
2.39288
1.386
0.02744
7.34104
2.01712
1.42912
1.95888
10.24296
0.84616
3.00552
2.80504
2.2596
4.84008
0.62272
1.61952
0.1568
7.68096
0.73024
0.54656
0.7336
1.67328
0.37464
6.42376
2.66224
0.52864
0.3388
0.31696
0.784
3.1248
0.14112
3.02624
2.11736
0.1316
1.73544
0.9352
3.58904
0.00952
2.156
3.42888
1.25104
1.42072
0.81032
6.5688
0.91448
4.33664
1.1788
0.05096
1.14912
0.41552
2.39512
5.10832
0.39088
3.19816
0.81032
1.33056
0.31304
4.88488
0.81256
0.04088
0.27104
0.48944
1.35352
1.83344
2.6012
0.11816
3.39864
0.84672
4.39432
1.41176
1.26336
0.5152
1.85136
1.722
0.23576
0.75712
0.7252
0.35448
0.07224
0.72184
0.79576
0.55776
0.02576
4.71016
1.38432
6.496
0.09856
5.404
3.06432
0.67144
2.45896
2.96128
11.37976
5.0876
1.6548
1.34848
0.52976
3.70328
0.2296
6.55256
1.33616
1.88776
3.93456
2.898
1.50584
0.27104
0.66976
2.4976
1.12896
0.03136
8.34624
0.59696
1.85528
3.91832
2.0076
1.036
1.25104
1.50248
0.644
0.09352
0.38752
2.42648
1.0556
dv0	force5	site148	[AMP]3000
0.2968
0.38024
0.10024
3.5448
0.02912
0.37464
0.80696
0.80136
0.37128
0.42728
0.20496
1.91352
0.10248
1.67552
0.49784
0.15456
1.99192
0.63224
0.8316
0.58016
0.12544
1.12056
0.01008
0.94864
2.91984
5.23264
1.01696
7.47824
1.77632
3.35664
1.54448
3.64056
0.44408
0.02688
1.01696
6.04688
5.7988
0.45752
0.392
0.18984
1.02256
4.36464
0.46424
0.10136
1.48456
0.05208
0.42056
0.63392
5.71872
5.01312
6.30504
0.30184
3.0604
1.38208
2.14424
1.86256
4.59648
2.35648
1.6744
0.18424
2.41304
3.38968
3.03856
2.2232
0.07504
1.4112
2.44944
1.05112
2.55584
1.68056
1.66712
1.03488
2.92208
3.93904
1.23256
0.29064
0.1456
0.91896
1.7108
2.8504
3.78336
0.93912
0.3052
0.1596
4.86976
0.48888
0.12264
3.20768
0.38136
0.0728
1.10376
2.32456
1.2628
4.30192
0.22288
2.0692
0.32536
2.08936
3.30176
2.35424
0.86016
6.90704
2.19408
1.95776
0.44352
2.212
0.61544
5.50088
2.72496
8.45544
2.8728
2.96128
0.37856
0.0756
0.02184
1.90736
0.79912
1.27792
0.16184
4.6956
0.1484
1.55904
3.03912
3.05312
3.39752
0.46088
0.53424
4.30584
1.01248
0.0504
4.8692
0.80808
0.78736
0.10248
3.47088
0.10864
8.69288
0.05544
1.78192
2.56088
3.6092
2.01432
0.81928
0.55104
0.79128
3.49888
0.39088
0.46872
3.4748
0.61992
1.7388
1.31376
0.46256
0.49224
1.19336
0.08624
1.32888
0.26432
0.0896
1.50192
0.07672
4.86752
2.27528
0.53424
2.99712
2.296
0.78232
0.4564
0.07672
1.96
1.19168
3.34656
1.27008
1.98296
0.224
0.2156
1.05896
0.47376
0.4424
0.3668
1.20288
1.90736
0.31528
0.69384
0.74144
0.03304
0.00896
0.07448
0.67424
1.10656
5.5244
1.28128
0.80136
0.1008
1.56296
0.5432
4.1748
2.48584
1.23648
0.84952
0.50568
0.90216
0.12152
3.0884
2.58552
1.64304
0.18368
2.41752
1.27512
1.65088
2.10056
1.00464
3.72008
0.77168
0.24024
1.36304
0.45696
2.10112
0.7728
4.09304
3.95528
0.50624
2.52
0.8008
0.12096
3.5364
1.69344
0.14504
0.96432
3.1556
0.08456
4.60768
1.16704
6.65112
3.48208
3.03968
0.6244
2.56648
1.652
0.308
3.62768
1.39496
0.89264
1.2768
1.73544
1.1592
0.2408
1.86648
0.06776
0.82376
0.11704
4.2084
0.04088
0.93072
6.05528
0.1596
4.72584
0.75208
1.8144
2.18624
3.0016
1.9152
1.24096
2.01768
3.20656
2.27248
4.73648
6.09616
3.0072
0.40264
1.49184
3.48712
0.40376
2.436
0.97832
4.41112
4.53264
1.14128
1.89112
0.85904
0.73696
3.56944
3.15952
0.3108
0.1288
1.41848
0.88816
0.79184
3.53192
6.96808
0.5852
1.358
0.44464
0.38752
1.39832
0.8904
0.994
0.40824
0.13048
1.58368
0.45136
0.02408
1.16592
4.15576
4.14512
5.62408
2.67288
0.55608
0.09688
2.3492
1.48792
4.50576
0.05936
1.81328
0.87192
3.30232
0.9996
6.07656
2.80336
5.44264
0.97608
1.95104
4.04544
0.19544
0.93128
2.04288
0.13384
0.79688
0.90776
0.92736
0.24528
0.66864
0.42952
3.10632
0.97888
0.82376
1.15864
2.1056
0.30184
2.604
3.11248
3.57168
1.48008
0.46928
2.66896
0.7784
0.38304
dv0	force7	site148	[AMP]3000
1.13176
1.37872
0.52416
0.26208
1.61952
0.35
2.42368
1.28856
1.90736
3.85392
0.55104
6.17008
0.16576
3.82032
0.91392
0.05992
0.53648
4.65416
1.4448
1.07296
2.8112
3.444
2.91256
6.02392
0.19936
2.13864
0.3052
1.6352
0.91336
0.11592
1.36192
1.90008
0.77728
0.04984
0.65016
0.1512
2.25624
7.40992
0.4368
1.27064
1.86592
6.73176
1.62344
2.91144
2.0692
0.46872
0.23184
0.02576
1.85808
3.83656
4.33104
0.78008
5.9108
1.5932
0.03024
8.3748
0.126
0.04032
1.14128
1.10488
1.25608
0.20048
3.906
1.31768
1.34008
3.20488
1.94936
1.57976
4.44752
0.70616
6.2384
1.58424
3.93008
2.73672
1.6436
0.51464
4.3932
1.56688
0.53872
0.44072
0.31864
1.47448
3.97432
2.33296
4.48336
0.37576
3.25864
0.05656
0.03976
2.22992
3.00944
1.97176
1.49016
1.96616
7.09632
0.04032
0.17584
0.3976
0.34944
0.08288
1.74048
0.16296
0.76104
0.47544
0.85232
0.85064
2.6824
0.0728
2.80056
0.13888
0.12376
8.49744
1.95608
0.59192
0.23856
0.32368
3.46864
0.24976
1.2768
1.78584
0.1372
0.97944
0.93856
0.0308
0.16352
0.47208
0.64008
0.92008
1.24208
4.15184
0.32592
0.76104
0.36456
2.95624
0.02744
1.08864
0.4732
1.51872
4.81152
0.4816
0.21336
0.0504
1.02424
0.37688
0.94472
5.49864
0.05656
0.10192
2.92432
2.12576
3.86176
0.85736
1.59208
1.95888
0.14448
0.1512
2.15432
0.1316
2.66112
3.03576
0.45136
9.02608
0.19656
1.7696
2.96352
1.67496
1.46048
2.86664
1.27456
0.21112
1.20288
7.49392
0.98672
2.7132
1.86592
1.42688
4.71632
3.86568
1.4728
2.34696
2.36768
3.94912
3.58624
0.80136
10.86792
1.02368
1.28464
1.386
3.62376
0.82208
1.25104
2.69248
1.57192
1.22752
11.85688
1.23648
0.6076
0.26264
2.5424
1.8144
0.1876
0.38192
0.3052
0.32032
2.33856
1.6156
0.51072
0.41776
1.03376
0.92344
2.7804
0.33208
1.62344
1.99192
3.90488
1.09256
0.33208
2.84032
0.09912
5.56584
0.80304
2.68744
1.9768
8.66992
2.0608
0.54936
1.02088
2.27696
0.6608
0.6216
3.668
0.92904
0.0392
0.70448
0.04088
7.17864
0.34552
0.20552
4.04264
0.23576
1.52264
2.69584
1.09592
0.37128
1.66264
1.47448
0.15232
0.25312
2.72944
2.29376
1.4616
0.87864
2.73
0.65688
0.76832
4.62952
0.55216
2.52224
5.13464
4.4296
0.22008
1.70744
1.82784
3.84104
0.08904
0.90328
3.0912
1.54896
0.37744
0.51464
0.54992
3.6288
1.86872
1.96392
1.87824
0.95816
3.32192
1.03768
0.52696
1.87656
9.37944
1.62904
0.10696
1.36024
0.38248
0.8232
7.2184
5.2332
0.78904
4.09304
4.5052
1.07464
1.58816
2.83192
0.55048
1.63464
2.19968
4.23976
3.17352
4.89272
0.71008
1.20344
0.76272
0.0896
2.9456
3.58904
3.37288
0.90496
4.05608
1.87264
4.04152
0.71008
0.36792
0.11872
0.15456
0.70952
9.90192
0.3136
1.07128
1.48344
4.10536
2.26576
0.31472
0.67928
1.05952
1.68896
0.0504
0.83888
0.2632
0.20384
0.22736
0.39928
4.3064
1.03768
0.27048
3.33984
3.51792
0.3164
3.9648
1.08976
0.15624
4.21008
3.10016
1.39664
3.25248
3.69768
4.7684
1.30312
0.88816
2.10448
1.75448
0.2352
0.28224
3.95584
0.30912
0.28112
4.25488
1.43472
1.14912
0.42672
1.59824
1.2852
1.49464
0.59528
0.99904
3.99616
2.21592
1.78752
5.23152
11.396
0.64624
4.28064
1.76232
0.50344
1.03768
4.67264
1.19952
0.02016
2.52448
dv0	force10	site148	[AMP]3000
2.10616
0.91672
1.14072
0.03024
0.54768
2.93608
0.56784
0.68432
0.74256
5.23152
0.1876
0.3108
0.97664
2.46008
0.7112
3.61872
0.06608
0.06944
6.608
0.92792
3.066
4.564
0.4396
0.7924
1.61224
2.95176
0.19264
0.27552
1.25104
1.49688
4.16472
0.014
2.68912
2.0944
1.27792
0.54208
1.32552
3.60416
0.31584
1.71248
2.66168
1.19392
1.78192
0.83888
0.81816
0.0476
0.7252
0.784
0.43456
0.70728
1.568
2.50992
2.12464
3.33592
1.37816
5.11504
0.08792
1.74888
0.75096
1.86648
1.0388
1.53104
2.6292
2.51496
1.95216
2.92152
0.80472
2.81736
4.00624
5.45048
0.05992
2.94952
1.73936
0.27328
3.35216
0.73696
0.084
0.65016
1.30592
0.49112
0.22568
0.61712
1.70016
0.17024
1.3048
0.03584
4.7908
1.58872
0.59584
0.364
4.4744
2.43992
1.2936
0.53032
0.7952
4.1188
0.49336
0.16856
6.09448
0.41496
3.556
0.39648
1.1144
2.73952
0.1204
0.01624
0.49728
2.53568
4.15632
1.33056
0.81088
2.7608
0.38696
0.65464
0.64344
2.70816
1.29248
0.57008
4.32656
4.11712
0.25256
2.89632
0.13664
0.19096
0.26208
1.28296
1.44592
1.48232
0.3472
1.20792
1.28912
3.40648
0.27104
2.07536
0.06832
2.87
3.88696
4.70232
0.46256
5.236
6.23224
5.13632
0.80024
0.66472
9.45224
1.13288
0.07616
7.15176
0.72744
1.61616
0.90328
0.79352
4.73984
0.17472
3.02288
2.49984
13.49096
0.1876
0.83048
0.41608
1.32552
0.85568
1.88384
0.40488
2.73728
0.21224
3.35832
0.38136
2.52896
1.54448
0.75936
1.46888
0.17304
10.72456
1.2964
0.55216
0.15792
0.2184
1.72816
0.60704
1.05952
4.41
1.4308
0.55216
5.61792
1.358
2.6376
1.23984
0.53592
0.11928
0.54376
0.08064
0.97888
2.18792
0.68376
7.25872
3.15112
4.64688
0.51016
6.95464
4.06
2.65328
0.90216
0.42504
6.4064
2.14872
1.88944
5.03664
6.84824
4.52704
1.5204
3.0128
4.2308
1.27344
0.056
1.35744
0.32368
4.58304
2.34416
2.39288
1.22528
1.25944
2.002
1.19336
1.98296
0.05768
0.8764
4.2868
3.3628
6.5968
0.91056
2.1476
0.24304
3.14272
11.30024
3.51176
0.36736
0.37408
1.25216
1.57584
1.09088
4.87312
3.00384
0.37352
1.722
1.60944
0.7448
2.2708
2.98032
0.3024
4.66312
2.7748
0.33824
0.80192
0.12488
4.774
3.36672
1.78528
0.39312
0.6608
3.01896
0.13664
1.30368
0.89208
2.37328
0.16912
1.06792
2.89688
0.59752
1.89392
0.67984
2.814
3.66688
1.85472
3.1836
2.96632
2.07144
0.50848
1.91072
3.61648
3.89312
3.13376
1.83792
1.43808
0.7476
3.55824
0.21728
1.37984
6.35936
3.24856
1.97512
0.22736
0.20272
0.90776
0.05936
3.64504
8.70968
0.55888
0.26712
2.01152
1.0388
1.98912
0.18816
0.644
1.04552
1.22472
0.04928
0.9408
1.7024
1.94824
1.47504
1.46272
0.46872
0.1036
3.41208
1.58088
2.34864
5.38944
1.05392
1.43472
1.03488
0.15456
1.43248
1.47336
3.99672
0.38192
4.40104
0.4284
0.71176
2.21872
0.3416
3.09792
2.39456
7.51128
2.1952
2.56536
3.5196
2.3184
0.35
0.87584
1.04048
1.83512
0.17136
0.20272
1.88664
0.70448
0.08456
6.96752
0.84056
5.1688
0.63784
2.58888
3.16232
0.1176
7.50288
8.35576
3.56552
2.54856
0.61712
0.56952
1.69176
2.04624
4.16864
1.7192
1.75672
0.07448
4.68776
1.8256
6.68864
2.11568
1.22808
1.19392
3.11248
0.13216
3.1052
0.8792
0.23184
0.91896
7.9156
0.22792
0.2268
3.60304
0.85848
1.13232
4.51864
2.58048
4.09696
1.89224
0.96992
0.10192
1.75616
3.8948
1.41064
4.98232
1.37424
7.29344
2.128
0.18536
0.31416
2.93216
0.54208
0.23968
4.3428
0.90384
1.33896
0.11032
1.93312
0.04704
0.92904
0.51576
2.17952
4.98736
1.26168
10.1444
2.16496
1.24152
1.43976
1.91184
0.28784
3.34208
0.57904
1.57304
1.50584
3.39472
0.84728
0.49448
3.094
0.59864
2.64768
0.07672
0.51016
0.68768
0.07
1.92304
0.10248
1.70688
4.36408
5.28696
0.73248
0.56
1.42688
0.16016
3.08616
0.56448
1.15416
4.90728
0.14672
0.65688
0.66584
dv0	force15	site148	[AMP]3000
2.67904
2.69304
6.26584
2.07424
2.02552
0.07
1.00856
1.24264
1.97064
2.32736
1.68448
1.12616
2.22936
2.22432
1.94992
7.36176
0.9324
5.17832
3.6092
0.67536
0.30632
0.45248
0.32312
7.08456
6.73008
0.37184
0.79968
3.24352
4.50128
2.66056
1.51032
3.36616
2.9624
4.56904
0.45304
13.91936
0.72688
2.83808
2.0664
0.20832
0.68768
0.76888
1.53664
0.5376
1.27344
0.29512
1.02312
6.03456
1.10824
2.6376
0.60704
1.30928
5.08816
0.0196
1.05
3.40536
1.51872
1.526
2.83584
0.08848
0.54208
6.76256
1.42968
0.74816
0.81872
0.24528
8.63128
6.3224
1.4112
1.73432
0.1848
3.89312
1.89728
1.12672
0.6636
0.0588
1.76904
4.32432
1.30032
0.25088
0.14112
4.14904
3.98272
1.45208
0.42616
1.81776
3.04024
2.21088
1.69792
6.82192
1.42408
2.17112
8.20064
0.1008
2.41248
0.24528
3.48264
0.91504
2.43544
0.68376
0.19936
0.76776
3.5616
4.46656
9.17
0.79352
0.58464
1.87712
2.07592
1.61168
0.12096
6.79784
1.29304
4.26832
2.91144
0.4788
9.62136
8.15416
9.3352
1.40224
1.19224
0.99624
1.37256
0.4032
1.01864
0.26992
1.29584
4.40048
3.164
0.61432
0.9884
0.2464
0.68488
0.48496
0.5768
1.02144
3.43728
4.03648
0.68432
5.8268
2.46848
2.5256
5.3816
1.00128
5.29704
2.93384
1.68
2.09272
1.22192
0.96208
1.72424
0.70728
2.77424
0.52976
3.92336
1.19616
3.11248
7.29624
0.33992
1.2712
2.45
8.04888
0.16688
1.54392
0.64904
1.58816
5.14024
1.57248
1.45488
5.7428
12.87664
1.68224
0.72744
0.74256
3.73576
0.12264
3.95192
0.08848
2.24112
2.87224
1.56744
0.19432
0.20888
0.96376
3.37344
0.85176
1.61448
1.1284
0.32032
5.47624
0.95144
0.91896
8.59152
0.85904
0.38304
2.94
0.9744
1.35576
1.26
2.68128
2.12744
1.33112
1.00072
0.60648
1.86816
1.88048
1.27792
7.5516
6.8348
6.01552
3.96816
2.22376
0.00896
4.70792
2.21704
12.5216
3.37904
3.35048
0.056
2.08488
0.81872
4.3652
0.85848
0.8596
0.36176
0.69104
1.946
0.04648
1.68952
3.79288
3.78504
6.53912
0.89544
2.02832
1.94152
3.598
1.15472
4.01632
0.7868
2.84144
7.96376
1.31992
1.13904
5.65992
1.3888
0.3612
0.77896
3.40536
0.95648
1.05504
0.6412
0.63448
0.03584
0.64568
1.86088
0.168
0.28952
4.67992
1.43248
5.26792
0.10248
0.83776
0.09352
1.63688
8.50584
2.47184
3.86736
0.13328
1.87488
8.60216
2.2876
0.42112
1.02256
0.73248
3.65456
1.16592
2.71152
0.83664
1.56576
3.82872
5.79936
10.97264
0.72016
2.94728
1.34232
5.55128
1.73432
1.86088
1.99248
0.18088
9.75464
0.70952
1.078
0.89936
1.75728
2.36264
0.07616
8.00464
5.9136
0.04536
0.78512
0.47488
2.86664
5.03944
3.69656
2.22712
2.66224
5.51488
1.13624
0.38752
5.34968
0.43344
0.42448
6.42264
0.66528
1.44368
0.2604
1.58536
0.29344
2.7048
3.2844
1.13904
5.21136
5.02096
2.54296
1.05392
4.34168
4.2112
2.91592
0.02968
2.33856
3.48712
9.5032
0.91112
6.11296
2.06416
0.518
5.61792
0.29232
2.06976
2.95792
2.72608
0.1456
0.82768
0.34384
0.0336
0.1932
0.7392
0.8316
1.42016
0.18256
17.70496
1.63128
1.7724
3.03352
1.06904
5.64592
1.02984
2.98088
3.65624
1.87432
3.60808
0.06552
1.9152
4.09024
3.84776
2.11232
4.99408
1.96784
1.44312
3.60416
1.13344
2.78376
1.6492
1.316
0.53592
12.87552
3.41824
2.42928
0.18536
0.26768
1.23648
1.38656
4.25208
1.55904
2.08824
4.17928
1.31656
1.3104
2.00088
5.3172
1.33168
0.6216
4.75944
0.18256
2.2204
7.62944
2.75912
6.04072
1.74384
3.65064
2.01992
0.89712
0.89992
2.78432
0.28616
1.15472
2.90696
0.11032
0.79632
1.218
2.48528
0.76552
1.23928
0.03472
2.81344
3.55376
0.93072
0.8904
1.93984
2.28984
0.48944
1.33952
0.09688
2.07256
4.23472
7.33152
1.4084
0.46928
0.13104
0.97496
6.27704
2.55024
6.27816
1.32888
1.36472
5.1716
1.95888
1.95888
0.72912
1.8256
5.3424
1.61
0.61656
1.03824
0.09576
1.0556
1.46328
1.93032
2.8056
5.66888
0.5292
6.41984
0.18368
0.99568
0.0672
0.02016
5.34072
2.47856
2.51776
2.14704
1.01024
1.97512
6.54584
2.3996
0.68992
1.80096
2.42872
3.3684
0.2968
0.95536
0.20216
0.69888
8.12336
14.95368
4.3764
2.28032
2.56424
0.0532
0.34048
0.76664
2.32064
1.05728
2.0804
2.59168
0.9184
0.47824
2.79888
5.44768
1.16368
4.53432
1.44816
0.44576
0.07728
dv0	force20	site148	[AMP]3000
5.62856
5.51712
23.78712
1.73208
10.14384
4.57576
2.70592
0.81256
1.18608
2.51496
3.65512
4.81992
4.76504
3.9676
2.31728
2.27136
3.49328
5.7708
0.37744
15.876
3.542
0.0476
1.39776
1.2068
0.18088
4.80704
0.13608
2.41584
3.3068
5.16432
2.84592
11.21064
4.32712
1.75952
2.0608
2.01936
0.80808
5.30152
0.64008
5.26512
2.52952
9.06584
4.2336
1.08528
4.03088
8.20176
0.1344
0.51968
3.40816
0.6468
1.75672
0.49952
0.51856
0.10752
0.04032
2.27416
6.1908
21.93072
1.71528
2.00984
3.8808
0.69888
1.17152
4.69224
1.22136
10.4244
1.57472
4.85912
3.3068
10.40928
1.34064
6.76088
8.24824
3.6148
0.126
0.37016
1.8704
1.30312
0.13776
0.10584
3.09344
0.73528
2.99208
10.2508
0.10024
4.81936
8.7724
14.18368
4.33272
13.20536
7.6748
5.01872
0.63392
1.30816
9.36096
1.87544
7.13048
7.12656
1.29136
1.02032
12.89736
0.53928
3.6428
1.99584
0.4872
0.59696
0.92176
6.04072
1.29584
8.55176
0.91504
6.566
0.07168
4.07344
0.01904
1.73824
1.0724
10.55824
2.53344
15.04272
0.616
11.74824
5.7904
0.29176
11.96104
17.8052
0.4732
8.70016
1.35912
1.08248
2.1812
0.72352
2.128
0.0924
4.40272
23.94616
1.3916
1.036
2.37608
12.81952
0.86184
7.4816
6.31456
0.05264
8.4588
1.09648
1.63912
12.51432
5.8856
5.24048
1.79256
14.21728
1.19728
0.43008
0.13384
1.52824
0.57288
1.14688
0.35168
6.07376
1.15416
11.60768
1.93704
5.59272
3.57896
9.70984
3.62712
8.25216
1.134
8.23648
11.38704
6.1124
3.94016
2.9036
3.13656
1.29864
0.53256
3.39696
0.16352
6.44448
1.16312
8.43976
1.01696
4.2168
10.47872
0.48216
3.63832
0.02744
3.80912
1.52768
4.40328
4.82608
1.75224
11.942
1.70856
0.924
4.648
17.32808
1.3048
0.32312
2.0356
0.82152
1.92752
2.44384
1.19672
3.0884
3.2368
1.37704
1.05896
3.15224
0.18704
4.004
0.39368
7.11816
3.44176
6.36216
3.7212
4.51528
0.43456
1.85024
0.1876
0.68544
1.42856
0.9072
0.63336
0.05936
0.01568
9.10224
1.44536
4.75608
0.27608
1.2376
1.4812
5.39616
2.09384
4.858
3.36056
3.87296
0.7028
4.23192
0.92064
0.868
5.09208
4.89608
5.29872
1.30312
5.19512
1.58592
0.02968
1.67328
1.36808
5.07416
3.25976
2.00424
2.50152
0.83048
1.68168
1.8424
10.43952
3.01392
0.51296
4.97784
1.02816
2.31616
15.10768
3.9592
0.5152
0.28168
0.06832
6.57216
5.14024
1.52768
1.11832
7.78624
4.54216
7.08904
4.92968
4.46768
0.54992
1.6716
0.64456
4.82048
23.1448
2.50376
5.88616
2.1308
0.15512
3.68648
6.6724
11.10032
2.75352
5.2864
4.85072
4.84288
0.33544
1.59264
3.206
3.17352
11.91624
5.38216
11.67656
9.81288
7.0028
4.06392
7.728
2.8168
11.87536
2.00536
9.07312
0.11592
1.87152
5.50088
9.18512
4.38592
0.44296
1.85696
7.6972
3.29392
1.08976
10.38688
2.57544
2.9652
2.31504
4.8804
16.25512
4.1496
3.86344
4.27504
2.52952
14.92848
1.40728
1.08192
6.29216
2.05912
2.37888
7.40376
1.3272
12.48184
4.9644
1.63688
1.02088
7.51576
4.75272
3.9284
0.84672
2.2008
11.1524
8.85584
0.00784
0.7896
0.25648
5.31328
0.78624
1.79144
8.14968
3.82816
0.8148
2.2736
7.5544
1.106
4.66704
1.7556
2.4976
5.6364
4.39208
3.07272
2.86328
6.33528
5.9528
8.0612
5.432
1.41848
0.27272
2.42648
5.40232
0.5124
12.03328
0.16968
2.88512
2.89688
20.74128
0.92904
5.88448
3.71168
2.184
6.2468
0.63056
8.87096
1.66152
0.75936
11.69224
5.83016
5.26456
0.53648
1.90288
5.4628
2.50824
3.22336
3.14832
1.57864
1.24768
5.32392
2.72216
6.2384
6.4736
3.85112
7.11984
dv14	force0	site148	[AMP]300
0.06496
0.60648
0.61096
0.8316
0.67648
0.09632
0.62272
0.6888
1.6044
0.17808
0.24528
2.29376
0.04312
0.18592
0.08176
0.13944
1.58816
1.51424
0.2604
0.06272
0.19096
0.30744
0.26656
0.322
0.76048
1.55064
0.05264
1.5568
0.01176
0.08232
0.23856
1.09312
0.70896
2.91872
0.07616
1.32888
1.10544
0.02968
1.7024
1.29416
2.02328
0.58632
0.43568
0.11928
0.53368
1.04832
1.24992
0.49168
0.04648
0.21056
1.1312
0.4732
0.49504
0.08736
0.1288
0.05712
0.37968
0.09968
0.10752
0.03808
0.90552
0.62104
0.7924
0.27496
3.12368
0.62832
0.04704
0.1064
1.03936
2.58216
0.07896
1.34176
0.15456
1.05616
0.27888
0.17248
0.66304
1.5204
0.34104
0.04368
0.48832
0.59752
0.66416
1.162
2.10672
0.04816
1.02368
0.896
0.39704
0.59808
2.59728
0.08344
0.2856
0.14952
0.87696
0.6412
0.41104
0.56504
0.29008
1.62512
0.02632
0.0784
1.26784
0.4172
1.56856
0.35224
1.34512
1.8536
0.25312
1.15752
4.6088
0.07336
0.62216
0.02576
1.00576
1.022
1.20064
0.8176
0.05152
0.51184
0.7196
1.10152
1.60328
0.014
0.85232
2.37608
0.65352
1.4084
0.63896
0.36568
0.18984
1.5372
0.48496
0.92288
0.3444
1.38096
0.75096
0.63896
1.43248
1.02256
0.05936
0.03472
0.19376
0.86408
0.32648
0.07672
0.63392
1.96
0.2352
0.0616
0.77
0.0812
2.7916
0.0868
0.56616
1.134
0.53872
2.01208
0.04256
0.25536
0.44016
0.02632
1.22584
1.39496
dv14	force5	site148	[AMP]300
0.1204
1.14296
0.43456
0.91896
1.18272
0.45416
0.504
0.03304
0.34664
0.06552
0.2828
0.14952
2.64152
0.0616
1.59768
0.10752
0.23912
1.40784
0.33096
1.0052
0.2912
0.0504
0.41272
0.25256
0.44184
0.02464
0.2184
0.2464
0.35448
0.1792
0.43064
0.42952
0.05992
0.20776
0.574
0.1904
0.5544
0.21
0.05824
3.06432
0.19992
1.6268
0.62384
0.09856
0.0448
0.04144
0.27384
1.55288
0.1176
1.12112
0.71624
0.69496
0.574
3.31464
0.9996
0.59472
1.5512
0.32648
0.24248
0.60872
1.11608
1.0304
0.29288
2.464
0.31528
0.3332
0.27832
0.55664
0.16072
0.38696
0.4956
1.65312
0.39144
1.7164
0.42112
0.31416
0.56448
0.80528
0.42672
0.02296
0.28672
0.61432
0.5124
0.62888
0.58576
0.9604
0.82208
0.14056
0.1708
0.18312
0.39144
0.09464
0.37576
0.14392
0.28
0.22848
1.52208
1.04776
0.826
0.38192
0.6496
0.7056
0.29288
1.72872
0.11536
0.14224
0.0952
0.21392
0.10528
0.06888
0.99736
0.06384
0.39424
0.28672
1.15472
0.43008
0.08792
0.62944
0.69664
0.05208
0.93296
0.03808
3.17576
0.126
1.78584
0.30128
1.35016
0.69944
0.19656
2.07256
1.88776
0.69552
0.52696
0.02352
1.41288
0.1456
2.77648
0.5628
0.7812
0.1316
0.8176
0.2352
0.41608
0.15792
0.47544
0.4004
2.40296
0.71624
1.0752
1.89392
0.03584
0.11704
1.43864
0.07168
1.08808
0.57904
0.84448
0.23464
0.06608
0.04144
1.97232
0.17864
0.21336
0.05488
0.85904
0.06216
1.74608
0.15568
1.49744
0.41552
0.37464
0.89208
0.40488
0.47376
0.83104
0.73976
0.4648
1.55232
1.61616
0.80976
1.91128
2.4192
0.45024
0.50736
0.17584
0.7952
1.08192
0.77448
0.76384
0.04424
0.6244
1.11384
0.41776
1.14184
0.75656
0.22624
0.80696
0.18648
0.08512
2.0804
0.05264
0.54096
0.47656
0.04704
0.75768
1.554
0.53704
1.14408
0.0644
0.92792
0.53032
0.68152
0.29008
1.12896
0.6216
1.68784
dv14	force10	site148	[AMP]300
0.1624
2.5956
0.04312
0.5908
0.43176
2.49872
1.48344
0.26264
0.90328
0.90048
1.05952
0.0364
2.37272
0.45528
0.4396
0.0448
0.25928
0.52696
3.05256
1.5008
0.0336
0.96376
0.45864
0.57288
0.62608
1.1172
0.44912
0.54488
0.07168
0.32032
0.40096
0.74984
1.3076
0.224
0.13496
0.03472
0.4956
0.10808
0.02352
0.45024
0.29176
0.5292
0.56728
0.20664
0.97608
1.96728
0.39256
1.34232
0.73696
0.03752
0.55944
0.11032
1.4812
0.16576
0.51072
0.04648
0.52472
0.5376
1.2992
2.91648
0.23968
1.88272
0.51968
1.03432
1.33112
0.1372
0.12432
0.40992
0.02296
0.08176
0.13888
0.82544
0.4956
0.74592
0.44744
0.2072
0.3584
0.13888
0.60312
0.322
0.6496
1.93368
0.60144
0.88816
0.2212
0.32144
0.73528
0.65576
0.51352
0.05208
3.80072
0.04424
0.06664
0.50008
1.74832
1.3076
0.26488
0.0672
0.9436
0.53144
0.46256
0.35056
0.28504
0.23184
0.10584
0.43792
0.58464
0.45584
1.008
0.01176
0.6664
0.44856
0.54432
0.5544
0.48608
1.65424
0.74704
0.02968
0.6636
1.01864
0.54824
0.238
1.3412
0.35952
0.81592
0.55608
0.70224
1.65872
0.06944
0.64176
0.83272
0.19432
0.10528
0.06552
0.19208
1.12224
0.09408
1.16704
0.90552
0.23296
0.36456
0.32312
0.52472
1.91856
0.45024
0.20496
0.49056
0.79576
1.0948
0.10024
0.21168
0.27608
0.80584
2.41304
0.55048
0.60704
0.67368
0.2016
0.616
0.15568
0.70952
0.0728
1.19392
0.23072
0.58744
2.25456
0.40712
1.80656
0.51296
0.44184
0.7224
0.77504
0.028
1.05616
0.51632
2.28032
0.20496
1.31712
0.01904
0.03416
1.51536
0.00504
0.3948
0.2296
0.7616
0.3276
1.33728
0.13328
0.6832
1.5792
0.47096
0.49728
0.09576
1.19112
0.64848
0.41328
0.10192
0.4116
0.12824
2.74064
0.42392
0.014
1.01416
1.1368
0.27104
0.10192
3.23848
0.65576
0.85624
0.11984
0.72408
0.31304
0.72184
1.94264
0.5712
0.02184
0.27384
0.17752
0.84168
1.49296
0.41272
0.52472
1.81664
1.0248
0.17752
0.91168
0.97272
1.44648
1.43304
0.5124
1.94432
0.54936
0.62776
0.42952
0.05768
0.44632
2.26352
0.14952
0.81816
dv14	force15	site148	[AMP]300
0.04032
0.71792
0.27608
0.39368
0.45416
0.51408
0.28112
0.378
1.21072
0.2296
0.07056
0.07728
0.7448
0.47264
0.39872
0.70112
0.76328
1.97904
0.50792
0.10752
1.19952
0.3248
0.69384
0.12488
0.05488
3.99336
0.056
0.0196
0.52472
0.57624
0.03192
0.25536
1.16088
0.09632
1.80544
0.37688
0.02464
0.0448
0.11144
0.01792
0.67088
0.43568
0.44576
2.79608
0.16016
0.11536
0.17248
0.51632
0.10584
0.05208
0.31696
0.02632
0.56616
0.24416
0.26824
0.03584
0.0224
0.03136
1.08696
0.182
0.07784
0.04984
0.48608
0.49952
0.0476
1.38488
0.25368
1.24992
1.33336
0.77112
0.2576
0.87696
1.79088
0.28616
0.42336
0.77504
0.20384
1.12784
0.01624
0.04144
1.16368
0.06104
0.15176
0.83944
0.57344
0.84224
0.09352
0.36736
0.52584
0.88256
0.112
0.54096
0.92904
0.4396
0.266
1.23592
0.34384
0.90608
0.04984
0.4228
0.73248
0.72408
0.62944
0.75096
0.24528
0.7476
0.27664
0.31584
0.38976
0.43344
0.56952
0.10304
0.88928
0.014
0.31808
0.42056
0.38864
0.12208
0.13104
0.8372
0.05656
0.05376
0.50848
0.13608
0.32032
0.16856
1.09872
0.72016
0.16072
0.82824
1.23984
0.29904
0.32088
0.03304
0.12152
0.42672
0.06888
0.37016
0.4256
0.46312
0.05992
0.39256
0.08624
0.7672
1.3552
0.76608
0.13384
0.11536
0.4368
0.08904
0.0364
1.43136
0.39984
0.02352
0.60928
0.86296
0.0644
0.38416
0.4368
0.59136
0.10752
0.75208
0.364
0.72408
0.33656
0.41048
0.20048
0.51128
1.17096
0.20496
0.02912
0.30576
2.58048
0.61432
0.73192
0.31696
0.40488
1.16424
0.23184
0.51576
0.07616
0.16408
0.53928
0.77112
0.21504
0.38864
0.1428
0.294
0.3808
0.6692
0.09912
0.86856
0.20216
0.0476
0.50288
0.5488
0.20104
0.4256
0.04704
0.01232
0.31248
0.84112
2.01712
0.02968
0.36624
0.4032
0.30016
0.2548
0.23352
0.23632
0.5264
0.46536
1.1592
0.56896
0.07168
0.38696
0.18984
0.48104
1.37312
2.1224
0.04648
0.62776
1.05616
0.6188
0.14896
0.02968
1.44872
0.58072
0.07448
0.98504
0.14728
0.18088
0.67928
0.75208
0.02072
0.056
0.02744
0.04816
0.03136
0.49784
1.36696
1.09424
1.2152
0.77168
0.27496
0.29568
0.30296
0.882
1.22528
0.18984
0.71792
0.10696
0.11256
0.30632
0.45808
0.41608
0.19656
0.3108
0.14392
0.39088
0.15904
0.20608
0.1596
0.51968
0.378
0.06944
0.25032
1.46552
1.04384
1.26896
0.94248
0.3304
0.84112
0.68768
0.42112
0.27496
0.23016
0.60368
1.04496
0.92176
0.02744
0.07952
0.06328
0.21
1.34624
0.39816
0.0588
0.30744
0.86856
0.94976
0.5348
0.30912
0.63952
0.30912
0.44912
0.67032
0.73864
0.11648
0.714
0.12488
0.25032
0.25088
0.19992
0.14
0.25368
0.53368
2.87224
0.1652
0.02352
1.50976
0.62944
0.14952
0.35896
0.43008
1.03432
0.3724
0.18144
0.01904
1.33952
0.81088
0.2352
0.3668
0.88872
0.05712
0.39144
0.24024
0.18872
0.14952
0.168
0.31136
0.056
0.1316
0.17472
0.22176
0.03136
0.0812
0.3052
1.3356
0.21896
1.302
0.62384
0.2576
0.94696
0.03976
0.21392
0.7028
0.33096
0.16352
0.11144
0.07504
0.42168
1.93592
1.93032
0.98336
0.2828
0.30408
0.05488
0.85232
0.30744
0.7028
0.05264
0.53312
0.25928
0.1204
0.25648
1.12616
0.52808
0.03976
0.01736
0.05712
0.31976
0.05488
0.28336
0.9716
1.03824
0.07224
0.2492
1.6016
dv14	force20	site148	[AMP]300
0.7196
0.62048
1.1844
0.5544
0.0504
0.18256
1.58256
0.07448
0.8764
0.60648
0.75096
0.1036
0.1988
0.62104
0.23968
0.67872
0.02912
0.41664
0.18256
0.52024
1.02592
1.5484
0.34328
1.008
0.06104
0.28056
0.04536
0.12544
0.10528
0.01232
0.43064
0.05824
0.09408
0.59752
0.35392
0.13832
0.90776
0.39872
0.38472
1.05392
0.05152
0.27216
0.8484
0.38248
0.74368
1.87432
0.06048
0.20944
0.72408
0.89488
0.35056
1.90456
0.16968
0.34048
0.0252
0.65632
0.54432
0.0504
0.02408
0.126
0.05824
0.12936
1.2712
0.43456
2.45616
1.01472
0.15512
0.2016
0.3864
0.40824
0.79744
0.14616
0.84448
0.27776
0.61208
0.35392
1.2068
2.03784
0.28728
1.31208
0.49112
0.49056
0.12544
0.18312
0.85064
0.01792
0.3612
0.00952
0.23184
0.68152
0.028
0.01624
0.10864
0.49952
0.62664
0.95648
0.03304
0.02128
0.13776
0.38024
0.22456
0.17248
1.35296
0.60536
0.5012
0.15568
0.91448
0.12376
0.09576
0.24024
0.40656
0.46144
0.61656
0.39704
0.61376
0.66304
0.24192
0.07672
0.45976
0.6076
0.3192
0.97944
0.392
0.05992
0.21056
0.0952
0.14168
0.48888
0.34216
0.4256
0.34104
1.30256
0.06384
0.72856
0.13048
0.01848
0.12824
0.05936
0.126
0.19936
0.3108
0.13832
0.74312
0.75656
0.3472
0.54824
1.05784
0.26488
0.4564
0.31192
0.09632
0.05208
0.06664
1.09928
0.2352
0.0392
0.06608
0.60032
0.2128
0.1596
0.26208
1.14688
0.14112
0.92064
0.31808
0.05208
0.63784
1.12896
0.5824
1.04888
0.48832
0.05376
0.05768
0.17696
0.19936
1.42632
1.08248
0.6496
0.05152
0.36344
0.378
0.46536
1.02088
0.6132
2.83136
0.10192
0.10752
0.52416
0.28672
1.3468
0.17808
0.16464
0.36176
0.0616
1.05168
0.0588
0.4088
2.27696
0.41384
1.23536
0.29288
0.18704
0.05824
0.82264
0.60424
0.1932
0.41384
1.38376
1.92248
0.29848
0.57736
1.84072
0.4676
0.4284
0.826
0.09184
0.49168
0.09128
0.47712
0.67032
0.53592
0.18928
0.38304
0.05824
0.68656
1.05728
0.59864
1.25104
0.5992
0.46312
0.47712
0.0476
0.2408
0.11032
0.14224
0.55888
0.36736
0.1456
0.39144
0.65856
0.0252
0.25648
0.77168
0.12376
0.43792
0.31976
0.4368
0.26544
0.43232
0.27832
0.23688
0.28728
1.12896
0.74872
0.32648
0.16744
0.26936
1.04104
0.7672
0.3248
0.56784
0.08064
0.06888
0.43792
0.56392
1.21464
0.2828
0.57288
0.18368
0.8204
0.55216
0.23128
0.02184
0.02296
0.72128
0.43456
2.37776
0.35448
0.58688
1.008
0.28784
0.09632
0.36176
0.17024
1.04608
0.46648
0.02016
0.06888
0.19936
0.27496
0.11592
0.15064
0.77168
0.056
0.14056
1.30256
0.21112
0.3136
0.72912
0.97664
0.35112
0.24584
0.20216
0.35
1.484
0.57344
0.15232
0.2436
0.18648
1.72312
0.22064
0.0336
0.47208
1.19504
0.25088
0.09912
0.07056
0.06272
0.23072
0.5012
0.15792
0.04256
1.11552
1.1284
0.05824
0.03192
0.18144
0.10304
0.78008
0.74256
0.13104
0.05712
0.2268
0.41384
1.4056
0.2912
0.22792
0.11144
0.1036
0.6496
0.45248
0.15176
2.01432
0.2156
0.47992
0.45416
0.34832
0.924
0.09968
0.29456
0.1316
1.34792
0.64232
0.2548
0.77168
0.10024
1.0416
1.41176
0.43904
0.42448
0.06664
0.25928
0.60536
0.09016
1.12672
0.08624
0.09016
0.91336
0.38248
0.04928
0.71288
0.47824
0.45808
0.12936
0.95592
0.3668
0.0392
0.04256
2.52728
0.22176
1.63408
0.59808
2.19912
0.34048
0.92512
1.06736
0.5292
0.04928
0.7784
0.13216
0.1988
1.0948
0.45808
0.75656
0.4648
0.17136
0.42728
0.1736
0.3136
0.16688
0.06832
0.0784
0.31024
0.11032
0.66752
0.03472
0.0448
0.07448
0.02408
0.6244
0.55664
0.43064
0.02296
0.0392
1.28296
0.31976
0.31472
1.3552
0.5628
0.16968
0.02408
0.30856
0.1204
0.34496
0.69104
0.03584
0.04592
0.0364
0.12544
0.17248
1.06848
0.18256
0.03024
1.68728
2.07312
0.78904
1.55232
0.07504
0.81256
0.60648
0.13608
0.53368
1.0808
1.65256
0.18704
1.97792
0.16744
2.32568
0.0252
0.27104
0.30072
0.0112
0.3276
0.83384
0.36568
1.01304
0.89712
0.04984
0.48048
0.74032
0.97048
0.62608
0.17528
0.10584
0.21952
0.4144
0.13832
1.09424
0.29456
1.11944
1.09312
0.44464
1.06344
0.19488
0.2128
0.30968
0.06944
0.17696
1.1312
0.23576
0.04144
0.0756
0.29008
0.29848
0.03864
0.08792
0.02352
0.62608
1.22752
0.04816
0.92624
0.69328
0.27104
0.6104
1.04944
0.03248
1.31264
0.14448
0.86576
0.79128
0.77448
0.61264
1.02536
0.17024
0.77056
0.308
0.49168
0.42952
0.58184
0.1092
0.08848
0.05152
0.36904
0.72072
0.53312
0.15512
0.252
0.31864
0.2324
0.08904
0.63112
0.11984
1.21184
0.10416
0.31416
0.80584
0.0784
0.44016
0.97888
0.2072
0.20664
0.16464
0.6496
0.09744
2.20808
0.35392
0.50176
0.36568
1.25048
0.60536
0.4956
0.47824
0.056
0.02744
0.74816
0.78008
0.95256
0.22232
3.36728
0.52136
0.29064
0.2352
0.51856
0.11424
0.23128
0.04312
0.19152
1.14856
0.40376
0.06216
0.01176
5.56304
0.08064
0.11704
0.03192
1.21464
0.46872
0.04872
0.73472
1.0192
0.37576
0.4312
0.6048
0.66528
0.36176
0.94752
0.99624
0.10976
0.19432
0.04704
0.14952
0.22176
0.22008
0.154
0.07728
0.45248
0.92736
0.29792
0.23296
0.05152
0.26824
0.50512
0.41104
0.63952
0.87864
0.02632
0.53648
0.69384
0.66192
0.2912
0.08848
dv14	force25	site148	[AMP]300
0.1512
0.64624
0.39312
0.07672
0.0728
0.2072
0.28896
0.17864
0.24696
0.21504
1.33112
1.26448
0.09912
0.08792
0.14
4.79752
0.06104
0.06328
0.12152
0.83776
0.5572
1.51368
0.3696
0.08512
0.05768
0.09016
0.84168
0.18088
0.40936
0.01456
1.72144
0.05376
0.76888
0.88984
0.30744
0.3444
0.17472
0.75264
0.91504
0.73192
0.03752
0.0336
1.89056
0.13608
0.91448
0.66808
0.40656
0.25368
1.55008
0.19208
0.0196
0.5992
0.04928
0.2492
0.69384
0.30352
0.93464
0.13776
0.08736
0.0112
0.15624
0.28
0.59248
0.70168
0.71848
0.46592
0.33544
0.04816
0.05432
0.49056
0.12264
0.23856
0.47936
0.02688
0.48272
1.246
1.60384
0.4816
0.22232
0.1988
0.04928
0.0168
0.78344
0.27496
0.58856
0.20888
0.49056
1.10824
0.8736
0.20384
0.22288
0.24472
0.13272
0.3164
0.1988
0.23296
0.14224
0.37632
0.2856
0.02632
0.04144
0.25592
0.32144
0.02016
0.36344
0.85456
0.37128
1.5092
0.1064
0.44016
0.098
0.2268
0.03808
0.95928
0.19152
2.82576
1.33392
0.03808
0.4312
0.13104
0.27832
0.1624
0.09352
0.29232
0.20104
0.6552
0.9296
0.41608
0.42672
1.498
0.09632
0.09128
0.05432
0.09744
0.76776
0.39144
0.05936
0.13216
0.64736
0.5348
0.0168
0.54712
0.8232
0.02912
2.86944
2.11176
1.44592
0.56616
0.0896
0.65856
0.1848
0.05096
1.04776
0.07
0.0504
1.01136
0.39816
0.03248
0.55832
0.43568
0.68824
0.4452
0.04928
1.29696
0.2716
0.80024
0.16856
0.59416
0.14504
0.1624
0.93016
1.76288
0.04088
0.20328
0.07896
0.40208
0.14112
1.37144
0.19096
0.82712
0.06384
0.31696
0.06272
0.18088
0.252
0.29568
0.26264
0.47432
0.25536
0.15232
0.42224
0.60704
0.39032
0.39032
0.336
0.67312
0.42784
0.12712
0.3276
0.83496
0.53984
0.0336
0.33936
0.86464
0.24472
0.05432
0.34832
0.5768
0.126
0.03808
0.05768
0.0868
0.03416
0.93184
0.1148
0.61712
0.0532
0.44912
0.0448
0.03192
0.15008
0.686
0.35
0.85232
0.09128
0.04424
0.20944
0.042
0.04984
0.39704
0.03136
0.86352
0.042
0.1008
0.07784
0.434
1.13456
0.05936
1.00352
0.68712
0.19152
0.01904
0.06272
0.61824
0.03976
0.3248
0.11704
1.33728
0.36064
0.21168
0.07728
0.38808
0.10472
0.03024
0.40712
0.2576
0.03752
0.15848
0.20944
0.43232
0.1484
1.89504
0.87976
0.0308
0.3892
0.46704
1.56296
0.44408
0.30408
0.10864
0.04312
0.65408
0.07056
0.58352
0.46032
1.20792
0.12488
0.05824
0.16016
0.05096
0.06104
0.02016
0.23632
0.37744
0.61152
0.39312
0.13776
0.37744
0.33488
0.2464
0.54488
0.18928
0.95872
0.07728
0.33936
0.22848
1.05392
0.2856
1.16704
1.25832
0.0896
0.13496
0.10304
0.41832
0.08288
0.38192
1.66432
0.13888
0.54376
0.19936
0.07784
0.03752
0.04816
0.52304
0.14168
0.35784
0.98952
0.01344
0.14728
0.6636
0.48776
0.11816
1.06288
1.46328
0.26824
0.05208
0.06944
0.434
0.5068
1.58648
0.18872
0.26152
1.22304
0.70896
0.06104
0.73192
0.13552
0.14224
0.83888
0.0308
0.11704
0.19824
0.22008
0.33712
0.96152
0.31976
0.47376
0.93968
0.55104
0.31416
0.06496
0.12656
0.48888
0.19264
1.23536
0.3164
0.09408
0.03136
0.0896
0.33992
0.14056
0.05096
0.17584
0.0588
0.50344
0.03024
0.05992
0.03752
0.85232
0.38808
0.20384
0.02576
0.27384
0.18088
0.85008
0.09744
0.1344
0.476
0.02856
0.25088
0.92176
2.62528
0.40264
0.4144
0.88984
0.84728
0.03136
0.77952
0.98056
0.53088
0.17696
0.07
0.01512
0.16464
0.03024
0.29848
1.40504
0.10248
0.0308
0.04424
0.0588
0.74704
0.11928
0.04984
0.03024
0.68096
0.31472
0.15456
0.15568
1.20512
1.01696
0.3444
0.0448
0.28896
0.05096
0.74032
0.03192
0.30408
0.58856
0.05376
0.47936
0.68488
1.03936
0.01848
0.04032
0.14392
0.26208
0.05264
0.26376
0.80192
1.81608
1.19448
0.05208
0.11536
0.8484
1.30872
0.33264
0.06552
0.03976
0.16576
0.60704
0.15624
0.25088
0.0728
0.18144
0.03304
0.1764
0.07448
0.6468
0.65072
0.48776
0.35448
0.31528
0.07504
0.13944
0.08736
0.17192
0.50176
1.2124
0.25144
0.57792
0.14728
0.28224
0.30464
0.0728
0.82712
0.1204
0.7364
0.05264
0.27832
0.098
0.04872
0.86688
0.20048
0.1624
0.46144
1.65592
0.7028
0.04648
0.2436
0.69496
0.27664
0.10248
0.42504
0.39536
0.57232
0.61712
0.1848
0.2128
0.12768
0.48048
0.34328
1.48288
0.65072
0.03136
0.79688
0.43568
0.40936
0.26152
0.92512
0.04984
0.20888
0.09744
1.25776
0.07896
0.20272
0.62888
0.07896
2.96352
0.46816
0.11536
0.11032
0.92232
0.35504
0.70336
0.3164
0.52976
1.5176
0.36568
0.04368
0.07
0.70448
0.16912
1.78304
0.27832
0.53256
0.1232
0.05376
2.22768
0.36568
0.62608
0.03752
0.07224
0.23296
0.36232
1.53944
0.02912
0.07448
0.63392
0.03976
0.0784
0.0476
0.38192
0.51072
0.06384
0.13888
0.10136
0.72968
0.0476
0.1596
0.20608
0.15736
0.05768
0.10136
0.10472
0.02744
0.3108
0.27552
0.19264
0.9324
0.9968
0.18648
0.16184
0.11648
0.35224
1.10264
0.50848
0.05264
0.12768
0.20552
0.15344
0.07336
0.378
0.2408
0.41664
0.18704
0.28504
0.644
0.0252
0.44352
0.2016
0.07
0.81592
0.83384
0.28504
0.09464
0.12096
0.18256
0.12768
0.01512
0.74256
0.05208
0.18368
0.51464
0.52864
0.28224
0.1708
0.04928
0.098
0.05152
0.0252
0.42896
0.05208
1.09816
0.48664
0.68152
0.04984
0.81256
0.112
0.238
0.16352
0.39536
0.4648
0.25872
1.14912
0.19824
0.0448
0.17248
0.85064
0.41832
0.77392
0.80528
0.2464
0.17304
0.35728
0.69384
0.11928
0.4592
0.01792
0.02576
0.09408
1.44536
0.49728
0.25928
0.16296
0.11088
0.83608
1.90288
0.40488
0.084
0.38808
0.16968
0.23296
0.12656
0.54432
0.17584
0.63616
0.70056
1.03712
0.07168
0.11088
0.76048
0.0756
0.26152
0.20216
0.20664
0.54264
0.1764
0.13832
0.49392
0.05488
2.45392
0.01736
0.4536
0.03192
0.49672
0.63728
0.448
1.7556
0.9772
0.644
0.16968
0.74088
0.238
0.868
0.20888
0.26992
0.42504
0.24752
0.03304
0.16576
0.42448
0.154
1.23648
0.67536
0.18144
0.7084
0.05208
0.32704
0.93912
1.18944
0.05096
0.434
0.03864
0.64904
0.40824
0.1176
0.81816
0.63224
0.17976
0.04312
0.10976
0.084
0.32704
0.37128
0.1596
0.03024
0.1008
1.24768
0.20104
0.15008
0.97832
0.17416
0.22512
0.8764
0.01288
0.0644
0.93128
0.22232
0.2968
0.21056
0.05432
0.15232
0.25872
0.0868
0.20384
0.0756
1.06232
0.406
0.1008
0.24416
0.18088
0.21728
0.67256
0.11984
1.694
1.63296
0.33376
0.96432
0.61432
0.83496
0.16128
0.29568
0.33432
0.65352
0.50064
0.042
1.52488
0.39592
0.40544
0.04032
0.52528
0.08176
0.03808
0.0448
0.19768
2.16832
0.68936
0.23408
0.1568
0.09408
0.03752
0.02352
0.75992
0.9772
0.20496
0.09464
0.11312
0.0196
0.13496
1.28184
0.08288
0.57904
0.21448
0.6664
0.21336
1.0724
0.85736
1.27904
0.1148
0.0812
0.60144
0.06888
0.19768
1.60888
0.1036
0.19208
0.03752
0.12488
0.1568
0.02016
1.10992
0.65632
0.2912
1.27904
0.02632
0.15568
0.10696
0.31808
0.8484
0.17416
0.35168
0.27384
0.32032
0.24808
0.40712
0.05992
0.35616
0.18984
0.2352
0.17024
0.28056
0.25872
0.59192
0.02408
0.30856
0.2128
0.1036
0.41272
1.17544
0.29176
0.18872
0.39872
0.294
0.02408
0.19376
0.182
0.03976
1.02816
0.82992
0.17136
1.39328
1.42856
0.52192
0.48496
0.47208
0.36848
0.07616
0.02072
0.47712
0.86352
0.09016
1.10824
1.21856
0.27384
0.22344
dv14	force0	site148	[AMP]3000
3.26144
4.69504
0.33656
1.16648
7.71792
4.60208
6.50104
0.24136
2.89576
0.2464
0.09856
2.2176
0.72856
0.43288
1.60664
0.35952
0.12488
3.88584
12.61512
0.48944
2.77032
0.4788
1.55232
8.9908
0.73864
3.4188
2.47688
0.91336
1.25496
1.44704
0.83888
0.5096
1.6688
3.2312
16.59112
2.87896
2.28088
3.77664
7.15344
10.26144
4.39544
0.07784
1.48008
6.69368
0.21784
5.13912
1.2404
1.68616
5.10104
1.68448
1.36472
3.09232
3.28496
0.0196
1.06736
13.40136
0.04144
16.18344
6.09112
1.21576
1.9852
3.0128
12.28528
2.67736
0.94528
6.51728
9.92936
3.45632
0.03248
5.13912
dv14	force5	site148	[AMP]3000
0.10584
1.56408
1.11664
4.18152
2.18624
4.83056
5.37992
3.822
3.38464
3.28496
1.08136
3.36336
2.54464
2.30272
2.75128
1.59488
13.77824
0.0336
0.014
0.59192
2.61184
0.06888
2.54912
0.12936
1.0976
0.07168
1.75896
2.78488
0.20608
4.1776
0.04032
7.7112
4.93192
1.53608
0.67816
0.0392
5.0568
0.14784
2.14872
3.47984
7.0084
1.92248
7.33152
0.02128
7.7056
0.0308
4.15912
2.05688
0.69888
1.30872
0.49336
0.36848
0.25928
6.1432
2.14872
0.21448
6.9496
5.34184
3.11136
0.1232
0.91784
0.94416
6.64104
1.5484
1.13176
3.16904
1.50976
1.6408
4.45816
2.62808
1.33896
0.20552
0.0868
5.264
3.77664
0.52248
0.0252
10.83824
3.64504
0.91168
0.12208
1.07744
0.4732
0.08232
0.76048
1.61
0.42056
8.48736
dv14	force10	site148	[AMP]3000
3.108
2.73336
8.53552
0.168
1.38264
0.10192
0.36176
0.02408
0.38416
0.12544
1.20736
1.08584
4.02304
0.25648
3.97544
0.0588
2.40408
4.43576
0.7868
0.62216
1.06568
0.12712
4.36352
0.0896
1.18272
0.21728
1.7976
14.77728
4.12944
0.30352
0.46536
0.07168
3.20152
1.51088
0.11816
0.16856
0.3472
1.84912
0.09632
0.62328
2.21648
3.164
1.04888
1.78808
0.098
0.07112
6.71944
0.29008
0.44744
1.35464
4.70288
0.72856
1.77688
2.17728
0.84952
0.04536
0.26712
1.95216
0.22848
1.31544
0.09352
0.08288
1.56352
0.77504
1.148
5.08032
1.09144
2.13808
0.14952
3.75648
0.02408
0.04928
0.19544
0.71512
1.00296
5.3648
3.1052
0.43512
8.65984
0.5544
2.63648
0.06608
3.02624
0.0924
dv14	force15	site148	[AMP]3000
0.03024
1.09144
3.0408
1.08528
2.49032
0.20104
1.00856
1.77968
2.69584
0.1848
0.82824
2.66
4.5556
0.0868
0.2324
0.70896
0.34832
0.95088
0.042
1.06008
0.42672
3.08448
0.74648
0.13272
2.38112
3.878
0.45192
1.23536
2.94896
0.82544
0.13664
1.44816
1.32496
0.91728
0.09632
2.64768
0.11368
0.54824
0.67536
1.37088
1.09704
3.95808
0.3808
0.19096
0.57064
1.2796
4.7936
2.7552
0.13888
2.40072
0.68824
0.12208
2.10952
0.09408
2.38952
1.316
0.96712
0.2268
0.73416
0.05264
1.6436
0.26208
1.58872
0.21112
4.05048
2.6264
1.02032
0.93184
0.2772
1.42632
0.0532
1.36136
0.16072
0.35616
1.98016
3.77384
3.26816
5.8464
0.35056
0.33432
2.39176
0.3164
0.13104
1.66656
1.7444
0.32984
0.02016
0.85008
3.51512
0.24024
2.94168
2.26688
1.4868
1.79088
0.8484
0.94696
0.34888
0.65856
0.08624
0.4032
1.25776
6.25576
0.05992
2.464
dv14	force20	site148	[AMP]3000
0.8848
0.41272
0.99456
1.358
1.5988
1.00072
2.61576
0.33488
1.85136
0.04256
1.43024
3.54872
0.37352
0.48328
2.92376
0.87528
2.6124
0.74088
0.03192
0.19488
0.09968
0.15176
0.24528
0.38472
0.8624
0.0504
1.05168
2.17336
0.90104
0.66696
0.16296
2.32848
0.64232
1.11552
0.86912
0.46648
0.1232
0.21448
0.21504
0.3724
1.29472
0.09072
0.45472
0.80248
0.21056
2.47464
0.08456
1.89952
0.53984
1.32888
0.56392
1.68896
0.18256
0.63896
1.36696
0.86184
0.17472
0.56448
0.83048
0.19208
0.2352
0.41608
0.25984
0.60928
1.08584
0.41328
0.7336
7.96768
0.44576
0.35056
0.21336
0.12264
0.67648
0.6048
1.0108
0.27048
0.18648
0.06888
0.16408
1.66432
0.03248
3.04584
1.54448
0.79464
8.48848
0.78176
0.80248
0.09072
1.75952
0.77112
4.65248
0.01456
2.968
0.88816
0.03584
0.48048
1.5512
0.15176
1.20904
0.15792
1.58368
0.66528
1.61448
1.49184
0.51576
0.30744
0.8736
1.00464
0.03696
0.40096
0.1792
0.31304
0.47544
1.50136
1.30872
0.03304
1.83288
2.08544
0.80864
1.21856
6.0088
0.07
0.4032
0.79632
0.04648
0.04648
0.1932
0.82992
1.3132
1.32888
0.11928
0.10808
0.52472
1.85472
1.08976
0.11032
3.97824
0.41608
0.84
0.58464
2.44944
0.14224
0.09576
0.11704
0.39256
0.46256
1.30256
0.44744
0.51912
0.80976
2.47128
0.35056
dv14	force25	site148	[AMP]3000
0.4452
0.17864
0.09464
0.06104
0.85232
1.4476
0.2576
0.448
1.11664
0.57904
1.76176
0.18928
0.07672
0.84784
0.64288
0.05432
0.56728
0.20608
0.18984
0.056
0.59976
0.32424
0.03416
1.5484
0.64736
0.1596
0.6832
0.11424
1.53832
0.0504
0.252
0.08624
0.80248
0.83608
1.32496
0.42168
0.35896
1.98856
0.0952
0.55216
0.70728
1.24712
0.714
0.04928
0.32816
0.02464
0.84448
1.69848
1.33336
0.74648
0.07392
0.35616
0.252
0.336
0.26992
0.85232
0.45304
0.7028
1.08136
1.35688
0.73808
0.45752
0.1036
1.15864
0.75768
1.06736
0.24136
0.08904
2.36152
0.6888
0.0224
0.76384
1.2908
1.52936
0.02576
0.54992
0.41048
0.06384
0.08344
0.70168
0.30184
1.33056
0.06048
0.3556
0.80864
0.2828
0.59472
0.10752
0.50176
0.00896
0.10248
0.88536
0.08232
1.40672
2.57432
0.51072
0.406
0.01792
0.21896
1.61504
1.00408
0.34944
0.76048
2.45952
0.05432
0.952
0.07952
0.34888
0.20384
1.73656
0.742
0.532
0.50848
0.10584
0.28168
0.14728
0.02408
0.7588
0.73472
0.2044
2.06976
0.26768
0.22624
0.65968
0.42672
0.014
0.38528
1.09984
0.48552
0.98
0.31696
0.06104
0.36456
0.09408
0.39872
0.11872
3.13152
0.48608
0.45976
1.86816
0.36568
0.34608
0.62104
0.14112
0.4228
0.28112
2.69192
2.16608
0.07504
0.58128
0.46872
0.0364
0.43512
0.44296
0.07896
0.32704
0.45976
0.22512
0.0392
0.3584
0.5684
0.79632
0.05264
0.74256
0.58128
0.09464
0.23912
0.04648
0.84448
0.03808
0.39144
0.06384
0.16184
0.0084
1.05056
0.26096
0.22624
0.56616
0.20272
1.51648
0.08736
1.76904
0.6076
0.04928
0.19096
2.99656
0.12992
0.18704
1.22416
2.184
2.2064
0.52976
0.25032
