dv14	force0	site148	[AMP]300
2.05408
3.11136
5.3368
1.92584
4.75272
5.1492
3.44232
8.93032
10.85392
4.05944
3.20208
2.19968
1.74776
2.73112
5.56808
4.32936
10.74472
4.81264
1.55512
6.12864
2.69416
4.45536
1.45992
1.95776
2.78544
3.04472
5.08592
3.30568
13.09672
3.91552
1.04048
2.60624
4.28176
1.68392
3.15168
7.02632
4.29688
3.15224
7.4676
3.24632
4.312
3.93344
3.55656
1.99528
4.57912
1.09648
4.87144
3.09064
1.78752
3.53472
1.5652
6.00712
2.38504
2.52224
3.52408
3.75872
7.98784
1.6632
2.73952
0.61376
7.16128
1.4728
8.88944
11.44976
0.7224
7.26992
1.45824
1.14688
4.96608
2.38392
5.1016
1.65368
4.102
6.04576
2.06024
5.25056
3.0016
1.56464
14.53312
9.75632
1.7836
0.94864
2.37272
3.21608
5.28136
3.9284
4.00624
5.60504
4.67488
5.08872
2.18288
3.71784
4.88544
11.31648
3.93456
11.71576
1.91184
6.10456
1.81888
2.46792
0.63952
2.89968
3.30456
8.0444
9.74512
2.65496
0.8792
4.78352
5.05456
4.06112
3.78672
4.83336
9.74736
2.11176
1.67552
1.80936
7.07504
3.9844
2.73896
3.1808
5.38384
2.33184
2.8532
2.89688
5.08536
5.36704
2.11792
11.35848
2.0804
4.17088
1.43752
1.1536
2.22264
2.76584
3.41712
2.98368
2.51272
3.29112
0.46704
4.70568
2.39232
2.85096
4.01912
2.11232
5.65712
2.37104
8.0724
3.03016
2.91704
5.89792
1.60664
6.07152
1.62344
4.93976
0.45864
1.7388
0.93912
3.44288
2.78936
5.012
1.79368
2.85208
1.97288
3.56944
5.32784
3.68816
7.83664
1.61336
2.34024
2.09832
7.04816
5.11056
1.61336
3.11192
0.70224
1.73824
1.36864
8.6856
2.36936
1.87264
5.152
2.21872
2.28704
6.9216
5.25056
0.6104
4.0376
2.65384
1.30704
8.988
1.51984
5.87048
1.52264
2.436
4.80984
1.79872
7.7588
5.22816
2.20584
3.75424
3.44568
3.59744
1.95048
4.11096
3.2228
8.35744
5.88224
3.85616
3.64056
2.84704
5.49752
2.86328
1.84968
1.67216
2.10728
4.41616
8.4616
1.036
0.66752
5.68456
16.54072
5.05176
2.22768
3.78112
6.286
5.712
4.9308
2.40016
3.08
6.18408
4.27056
3.21328
6.35768
2.63648
1.6884
2.15992
3.78616
1.98128
4.49008
0.50344
6.05696
2.77256
2.07928
4.50464
2.32344
6.9636
8.1228
6.07432
5.27912
1.5512
1.11552
1.18272
1.42632
1.59656
4.51416
5.48744
0.82488
5.09656
2.79608
4.34896
2.02888
9.70424
4.57744
2.54184
5.39896
1.23536
4.31536
3.2928
7.71064
4.67376
5.75232
5.60112
6.11968
8.442
3.56216
7.65576
1.0836
2.68184
1.24656
1.49408
2.35312
5.8744
3.7156
6.87904
0.25592
1.15136
2.87448
5.16264
0.48216
6.5492
9.88904
3.41096
3.69264
1.5428
2.29432
1.17936
4.54216
5.55296
1.35688
3.23344
1.65872
5.07528
0.90272
6.76648
1.44032
2.25792
5.90408
1.34736
0.60648
5.06072
5.48128
3.52912
1.0276
2.98872
4.33328
2.05576
4.67768
1.94376
2.9064
0.39536
6.11576
4.73872
7.40152
2.14312
5.0624
5.54624
9.02552
6.36272
3.68536
3.02624
4.24984
12.54848
4.23192
2.20024
5.09656
4.31088
6.41648
2.10784
3.20264
9.1616
5.07248
2.74008
1.41512
3.4188
8.52712
1.77744
2.23608
4.33608
3.95696
2.91648
5.45384
3.4748
2.43096
4.214
4.41336
2.35256
4.3176
6.77432
1.26112
5.62016
3.4748
2.75184
4.86304
2.17896
3.6064
2.71992
7.7084
6.89864
5.82008
7.15848
1.45768
2.26464
6.22048
1.03936
1.44032
10.35496
2.13304
4.65136
11.9308
8.092
4.73816
6.71272
3.87296
3.67752
2.12072
2.95792
6.51112
2.49592
1.41008
5.48632
1.9264
2.33576
1.45768
2.89184
2.99992
1.1088
3.48432
2.47408
3.6456
1.37536
5.98696
0.89208
2.7748
1.56184
2.75128
2.02664
11.56064
0.476
2.0244
2.37328
9.11232
10.62544
8.67888
8.74496
10.0492
0.89768
3.5504
2.8868
2.88848
7.28896
0.6384
1.7052
0.9884
2.64152
1.25496
4.06
6.53968
2.50264
4.08968
1.51088
5.66888
3.47984
13.16224
3.78224
5.26232
1.56352
4.36968
2.94168
8.24656
2.4192
7.85904
7.11144
7.70504
9.17168
2.70032
7.0252
1.70632
4.942
1.57976
18.79696
7.80304
3.93008
3.77888
4.05888
4.53992
3.22728
6.1376
5.05792
2.06808
1.71472
5.51488
13.8516
0.63168
5.25168
0.53592
7.84224
4.56624
4.13112
5.95448
1.40504
3.23792
8.34904
6.87064
4.746
1.03992
2.34192
1.75896
2.6992
2.26352
6.9832
11.5808
3.99392
7.21504
3.51792
3.18808
4.95936
7.01568
1.88328
2.7888
2.02776
6.5576
6.47584
4.41672
2.54184
2.51944
7.72072
7.6496
2.1084
4.48168
5.82176
2.83416
2.37664
6.09616
10.81248
6.67072
5.41352
9.61184
1.7836
7.12096
6.22384
3.23064
2.70648
dv14	force5	site148	[AMP]300
0.74424
2.43376
2.58776
3.7212
2.06696
7.39088
8.46608
5.1156
2.31056
4.87648
2.87392
6.34984
0.97944
1.43976
5.27464
3.13264
3.06656
4.80704
1.74216
3.08896
1.78024
4.17088
2.01768
1.19952
1.13456
6.92944
1.11944
5.42304
2.91984
7.45304
3.53024
1.1312
4.04376
4.2336
1.99416
0.90552
1.8396
0.82992
0.71232
2.96464
5.41464
3.19256
4.8608
5.80608
3.55152
3.472
2.36208
3.69096
1.42576
3.42328
1.44256
3.22112
1.93704
3.54088
3.39024
5.24608
10.85
3.99336
1.71472
9.00536
6.04912
5.32672
1.5456
6.15216
0.69104
1.03096
1.1984
2.37272
8.21968
1.01024
2.96968
1.92024
2.02776
4.45592
4.71296
3.94688
4.1748
6.19808
2.50432
2.56872
2.47968
0.68152
3.02008
2.15096
2.77704
6.90704
5.61904
7.98224
1.2964
5.26288
2.6516
3.40704
3.4328
2.07144
0.56112
2.00088
6.75584
5.93712
8.34008
2.19296
1.34176
2.52672
2.68352
4.06056
6.80904
1.80712
2.62696
9.67568
1.79536
2.70032
3.20152
2.48696
5.86544
1.5876
4.82888
2.42368
1.23368
2.42312
0.90888
5.6336
1.1984
1.31264
1.4812
1.26784
0.58016
1.89392
4.25152
5.29704
6.39408
6.4988
8.8144
5.18112
6.8432
2.1056
1.596
6.45176
1.67944
2.91928
5.18056
6.35936
1.79816
1.92976
0.6104
3.62096
3.02008
2.10896
1.39552
4.7012
10.95136
2.67232
3.30008
2.4304
12.3228
2.65888
1.79256
3.2256
2.48304
0.74088
3.86232
9.04008
3.25752
3.5812
3.8864
4.62728
1.24712
2.27248
0.67984
3.53024
6.18296
5.84024
1.2936
4.28008
2.53904
1.86424
3.65344
9.73056
1.35912
1.18048
10.97208
1.25944
1.16368
3.12648
3.91776
1.26168
1.80768
1.75
2.54072
4.35624
3.89648
6.21712
1.56352
3.81808
2.30496
1.01024
11.144
3.64784
3.11584
2.45672
5.4628
1.95776
2.40968
4.34504
0.94752
4.28456
0.99792
2.82016
3.59016
1.0164
9.10392
0.85176
3.0744
8.09368
5.11448
4.02192
2.04792
3.72344
2.3996
3.2704
4.71296
2.54072
8.23648
0.71792
4.27504
6.02504
2.38448
5.01256
3.7688
5.24776
2.63928
7.5068
1.40896
9.28648
5.03496
3.9284
2.06192
3.11472
1.97456
2.07872
8.43024
2.96464
5.418
0.86184
7.57232
2.39792
1.27848
1.40616
12.82344
1.00632
2.9652
2.62024
12.69576
6.78272
11.5696
7.31024
6.64328
3.78672
3.2984
7.62272
0.11144
1.60944
1.28352
5.194
1.358
2.31896
5.60896
6.2216
2.77424
2.68296
5.04448
2.9708
3.26424
3.53528
6.25184
2.5704
3.0044
2.95792
7.38976
1.57752
2.69976
3.44792
2.6152
3.97096
8.69904
2.70704
1.83568
0.34832
1.27344
14.39592
3.21888
2.1672
3.66968
4.98288
3.37624
7.77672
1.722
3.04752
5.49976
2.88064
4.19888
4.0488
4.6788
12.58768
3.73576
3.44848
3.07776
1.20904
4.02976
2.25736
4.46096
0.51408
2.17168
2.39288
1.456
2.57264
3.17688
3.17128
1.65312
3.32528
5.04896
1.41344
3.51456
1.95104
5.49528
5.15536
2.55752
1.93648
7.098
4.86024
3.05816
6.35656
2.94616
1.63632
1.29976
3.30064
1.24768
4.33328
8.16928
2.53008
5.44656
3.7548
1.5764
4.73312
1.68728
2.3156
3.0436
3.64952
6.44336
5.13744
3.23624
1.92696
2.4388
4.27392
6.35432
7.3164
1.22808
5.64088
1.40896
2.48416
2.47688
0.68824
5.49528
1.93368
4.18768
6.90424
1.51256
4.06448
2.41248
4.3344
1.52656
2.70536
1.41456
4.05216
6.2524
2.99096
2.9428
3.84608
1.73488
3.47872
2.45616
1.5036
3.60584
1.93984
7.52584
2.74064
2.67344
6.51728
1.8508
2.53792
5.98696
7.38024
5.19288
1.23088
6.21656
7.74368
8.0136
3.62488
1.9376
3.41376
1.51648
2.1448
1.33448
5.17216
5.0092
2.99992
4.12496
1.42016
0.50848
1.51088
10.584
2.79944
4.47272
2.52952
7.58464
12.36368
1.55568
3.3012
2.03056
12.83128
1.98912
1.98016
1.32104
5.77472
1.80768
3.3348
4.52144
2.74568
1.96504
1.34904
4.4016
4.58864
1.56352
3.7856
6.41312
3.6316
5.152
3.67696
4.50296
4.84848
2.49088
5.44544
7.71008
2.29992
3.31016
1.83344
0.56168
2.21984
1.65424
4.05664
6.44448
0.9884
2.01544
3.88416
6.5072
5.2892
4.52648
2.45504
6.16448
1.04776
3.08112
4.0516
6.22328
4.93136
2.05632
3.31072
1.50752
7.85624
1.162
5.73664
3.36896
2.86216
4.17536
4.31648
2.92936
0.61712
2.3996
2.31672
0.42728
1.81888
0.406
2.6096
4.73144
1.76008
0.79576
4.76448
1.526
4.07344
6.44784
0.8092
2.24616
2.12856
3.61368
7.54208
2.2932
2.19016
1.7416
3.37568
4.26384
1.5372
3.72064
4.99016
1.91016
1.56968
2.6068
5.40232
3.45912
3.51008
3.58736
2.89856
6.47248
3.13376
2.32008
5.97688
1.90624
0.96656
2.56704
6.05024
1.60552
1.73656
1.78416
4.57128
7.22624
4.3708
3.54872
5.44768
4.00288
4.33496
0.52192
0.4424
2.06528
1.1032
1.5456
7.00784
6.49544
6.15944
1.80376
1.77688
12.17048
4.52368
0.2492
3.3544
1.63016
2.40856
3.70272
3.16344
2.67176
10.2144
2.81288
9.12464
1.8284
7.1232
2.81288
3.4272
5.46392
3.75928
2.70928
1.9068
11.28736
0.13888
2.41416
6.71048
5.50256
3.04136
3.86344
4.87704
2.31504
5.3928
2.57208
2.06248
0.80584
5.31048
1.67552
3.26368
6.92608
1.3776
7.9072
4.97896
1.79368
7.0952
5.17944
2.97024
2.24224
3.40536
4.16416
1.62624
7.17528
2.73392
2.72048
2.04456
1.9208
dv14	force10	site148	[AMP]300
4.26664
1.91856
8.11496
3.06488
4.16136
2.23776
0.49056
2.22992
3.40312
1.33336
1.41792
3.05368
6.07264
2.31616
3.2984
1.16648
6.53296
2.40688
4.60376
0.45136
4.63512
2.1896
2.7664
1.246
5.8744
2.60008
4.4156
2.79608
0.69608
3.0212
6.75136
4.9196
5.49416
3.64784
4.12496
5.44656
0.33152
1.6632
2.8
6.10736
4.77008
9.14928
1.55456
1.35912
6.78944
1.02704
1.57248
2.57544
4.7712
6.0396
3.40312
2.63032
5.71648
1.9516
1.07968
4.36464
2.55976
5.26624
3.4244
4.3848
2.57712
1.23032
1.2348
3.122
3.28384
2.6768
1.24992
4.16808
1.37984
3.08448
2.67176
6.46128
1.93368
0.59528
5.25
1.7528
2.59672
5.6952
1.04832
4.032
2.90696
3.74192
7.6496
1.68616
9.99824
11.09416
3.31072
1.37984
2.72272
3.094
0.58688
6.0928
4.24704
1.62568
2.98928
1.15976
3.1136
1.67328
4.98064
0.3584
1.7052
3.30176
2.75632
1.68896
6.65616
2.99936
3.56944
1.15248
3.26088
1.25048
2.4052
0.4928
6.7508
3.09904
9.55248
2.77032
2.1364
13.82696
1.10152
4.03032
3.03352
3.34992
0.72912
1.8424
3.9648
1.75168
2.11624
1.94992
2.27472
6.04016
2.016
1.29976
2.01544
2.51776
2.58048
4.51752
2.25792
3.30456
3.31072
0.8792
3.86512
3.06824
0.39312
6.902
5.26008
2.1728
3.64224
2.89184
11.606
2.95848
2.7832
2.09832
0.86352
4.95488
1.61112
5.95056
2.31112
0.27608
2.05856
9.13416
1.64584
0.9128
5.26176
3.04304
7.56616
3.66296
3.24576
0.24864
4.60936
3.27376
2.6012
2.49368
1.53216
7.04704
3.96088
3.86344
0.448
2.2764
2.47296
1.3832
0.9492
7.336
2.212
0.5796
2.05464
0.87864
1.30648
3.9424
4.5864
9.06472
0.40488
1.42072
4.01688
2.13528
0.88928
0.92176
2.23664
2.30832
4.65248
3.79904
3.4832
4.07792
4.57912
2.64096
4.87816
0.90496
1.07744
1.30088
2.23552
6.188
3.71784
1.63184
0.37408
2.73168
2.88568
2.98648
7.30968
5.17664
5.54064
1.86704
2.0608
1.7976
6.69424
2.41248
3.94408
0.86184
0.73192
8.4756
3.38968
3.07104
0.96768
7.48104
3.10856
3.47704
1.75
1.0164
1.8172
4.09808
1.57976
2.296
0.9184
8.98072
2.38672
3.668
2.22432
2.78936
2.57824
7.95368
3.97208
6.50216
4.06168
0.79912
4.98344
5.73272
3.76656
4.13784
6.3112
2.01208
4.704
2.21368
1.29416
2.93272
4.31704
6.82472
2.00144
3.892
5.27072
1.81832
2.2988
3.31968
3.02792
2.91872
4.03592
10.17352
3.08168
0.90216
3.99672
2.94112
6.05416
7.83104
2.56088
1.0668
2.7776
5.21752
7.7812
4.8244
1.44368
3.71952
1.73488
4.592
5.31216
1.09704
4.018
1.44312
3.30512
0.85792
5.43704
1.73824
0.3948
3.26144
1.62064
0.7588
1.79816
2.8
1.69624
2.10336
2.96464
3.45072
1.74272
0.73136
4.95768
2.1476
1.86984
2.0636
6.5184
3.01952
2.74736
0.33096
3.1864
0.9856
2.46008
1.28296
6.68416
3.98944
1.10432
4.42344
8.7696
1.72368
4.75944
3.4636
3.56664
5.51992
7.90832
4.23864
1.87096
9.09776
0.82376
5.23096
1.45152
7.44408
1.92472
8.91128
4.35344
0.74144
2.08656
3.55544
2.23832
2.56928
3.92168
0.3444
7.26992
8.694
5.21472
3.05872
1.54168
4.1132
4.2756
2.11848
5.12792
5.55408
3.07888
3.25696
1.46048
2.33632
4.76
1.34344
1.6184
1.49464
1.27624
6.54864
0.93856
0.86128
2.39512
2.12408
7.73864
2.41584
6.36552
1.00128
3.40536
2.15824
3.87912
3.1444
4.12608
4.05496
3.95304
3.83432
2.24896
2.47296
3.53248
4.86976
3.06768
2.6544
4.15912
11.8188
3.58512
4.2672
5.72936
0.75936
1.6044
2.5004
9.1
6.47304
1.64192
2.50264
7.22792
2.68016
4.648
1.14744
2.142
0.94584
2.87112
2.30832
2.37328
0.96712
6.69144
7.3556
2.12632
1.32608
2.17896
6.93112
3.06936
2.03224
2.12968
1.53328
2.17896
2.17224
2.80784
1.50024
3.024
3.26536
2.73112
7.19376
1.07744
6.45176
5.21808
2.04288
2.71208
1.1732
5.47176
1.05672
5.3396
2.87784
11.61608
4.10368
3.31184
3.9816
4.8048
2.78488
0.7056
3.1416
2.52336
1.07968
2.28032
2.46064
1.33224
3.81528
3.75032
5.99032
4.3232
1.77184
2.00088
1.58312
8.0024
2.33296
1.27568
1.90008
4.71072
3.60696
3.5056
1.77576
1.07688
4.92464
1.69512
0.89824
3.30456
1.88888
4.97952
2.19968
1.72536
1.19784
9.01208
0.36792
14.26488
2.99096
3.05144
3.108
9.51216
8.71696
0.46256
2.37944
2.11792
4.36128
3.72288
2.11344
6.36328
6.06536
1.42576
2.06416
1.4728
2.35536
2.11232
2.25624
4.79192
2.14312
1.61056
1.02424
1.51928
4.66704
6.64384
0.83104
2.53008
2.29432
5.21304
1.81664
2.35088
2.42312
1.64696
1.13624
2.1784
1.2096
1.1116
3.9424
2.02944
1.01248
2.76752
2.56704
1.00072
0.70336
2.0328
0.5096
4.20336
2.64264
2.52056
3.52016
0.60704
0.53424
3.0856
1.82336
1.43696
1.27792
8.42128
2.74064
2.5284
5.83296
5.84248
2.72048
2.75688
3.00328
1.23704
2.3128
1.26168
4.70344
1.8984
2.97808
2.23832
2.61352
5.7008
8.57752
0.99568
2.28032
1.44536
2.09104
2.88456
5.58712
2.8616
8.03936
9.30384
3.74416
4.37864
0.84336
2.64936
1.42688
6.22272
3.94912
0.9184
7.1232
3.91328
1.51816
2.00872
5.1632
1.72592
0.93128
3.29392
1.01472
0.94808
6.06704
1.4196
1.0052
1.87712
3.20936
2.18904
2.94112
4.40272
1.37256
4.20336
1.80712
2.30552
5.04336
1.88888
1.88552
1.70968
4.47664
8.36192
5.88168
2.20024
6.84824
0.69944
0.4452
1.23648
6.66568
0.69664
1.69288
1.55456
3.05032
6.16784
4.214
2.24616
6.48592
0.90608
3.20656
3.76152
3.81304
6.41032
0.40768
2.35872
2.06528
1.09872
2.60064
0.67928
0.88256
2.16216
1.63912
4.57072
7.64176
1.09032
1.90064
2.09104
2.31728
2.5788
5.41744
1.2908
2.1392
3.5532
2.67288
2.184
4.1216
1.9768
1.67272
2.7748
1.56296
1.62736
5.9052
4.69336
3.0772
1.08024
2.25288
5.45776
6.93056
9.86384
2.72216
4.11432
2.71824
1.85024
dv14	force15	site148	[AMP]300
1.1004
1.1676
2.45672
3.39416
4.5528
3.88584
2.05856
3.50728
7.95704
0.89656
1.456
2.64768
4.38984
2.29824
3.10968
1.94488
3.17912
2.82184
1.9544
2.87952
2.10952
6.12864
0.7756
1.35016
1.00408
1.86144
3.934
2.184
1.94208
7.54488
2.85712
6.0676
2.46456
2.43264
1.74384
2.01376
3.612
2.338
2.14088
8.58648
1.23144
1.3552
5.67168
1.42072
1.1032
2.632
3.17408
8.39384
3.024
1.57304
5.67224
1.26448
5.67672
4.72808
4.96216
1.71528
0.60984
2.63144
1.43808
1.90176
2.38168
1.862
0.37968
1.76456
2.59056
1.87712
3.32864
0.42
0.91672
1.65648
1.3496
10.6904
0.30744
2.5508
1.57696
1.26224
3.948
4.70568
8.43976
2.27528
1.12448
3.72568
0.99176
3.81024
1.91352
6.20368
3.77104
4.01016
3.8668
6.70152
0.4452
1.08304
1.84296
4.4968
2.17504
3.79008
3.28888
3.14664
3.08896
2.15656
2.62696
3.6092
1.96224
4.75104
3.06992
4.2644
1.33
3.6036
2.1252
2.4808
0.82992
3.59128
0.37744
2.11736
0.8428
3.69208
0.61376
0.97328
1.76064
2.46512
0.41888
6.2244
3.18416
1.3272
4.18544
3.66856
7.1344
3.31128
1.71416
1.63744
5.824
4.1692
1.2208
3.22672
4.4884
4.2644
8.05504
1.80656
4.19104
0.91224
1.23928
2.10784
2.35424
3.05592
0.75824
1.6996
2.69472
1.82672
2.11624
4.17928
4.82888
0.9016
3.70888
5.41576
0.66192
6.27424
1.42576
2.74288
1.83736
5.8324
1.69904
3.44904
1.26056
2.83024
4.0572
0.61544
2.42648
4.44528
1.81104
2.21592
0.1792
2.26184
2.492
7.12824
5.88112
4.662
3.64616
0.8624
1.15024
3.92224
1.61784
0.93688
3.192
2.8924
2.48696
4.95432
1.68056
1.59936
1.83456
1.80824
1.79872
3.67192
3.9816
1.86648
2.6768
4.07344
8.13792
2.80336
0.92848
1.79032
0.98504
0.15176
2.08432
1.88776
0.94528
1.45376
2.06752
0.46592
0.94304
8.32944
2.40912
1.14296
1.34176
2.73336
3.02512
0.63952
4.81824
3.87464
3.6372
2.7972
3.16624
1.52432
2.66336
2.91536
0.44128
0.994
3.10576
1.91408
2.674
6.45288
4.3904
0.62048
8.58256
1.66264
2.3744
3.6232
4.43968
3.8444
1.92304
0.90664
2.36096
1.0668
3.21496
6.26136
2.00704
0.97104
2.23048
3.67472
1.75728
4.71128
3.15896
2.69584
0.86912
1.46944
1.27512
1.01808
1.18328
4.43352
2.3128
3.98328
1.13848
0.28784
0.79856
5.7036
2.70592
2.68184
2.90192
1.86256
1.09984
1.0808
0.63784
1.97344
1.95216
2.32176
2.07648
1.32384
0.92344
0.98
1.65368
1.77688
2.30496
3.14272
0.9128
2.40632
2.93104
2.12128
7.09856
2.28312
0.82544
3.31352
2.49928
4.1132
0.19992
3.98048
2.96352
2.11344
1.54392
1.5288
2.6656
6.86
4.92072
3.71
4.29576
2.03392
1.29528
3.514
1.79312
1.01024
1.39496
0.54264
1.41512
1.98576
3.09064
1.792
2.23944
1.8116
0.71064
2.81456
2.50936
1.64696
2.45056
4.11936
4.07848
2.56088
2.30272
2.24056
4.46376
2.86216
1.37312
2.94784
3.45912
2.03
4.1412
3.44848
2.2064
2.08824
1.08304
2.0664
0.34328
0.49392
4.34112
3.22392
1.56856
0.90832
0.784
2.44048
3.6708
1.47168
0.83888
1.09256
2.73672
3.57784
1.6576
3.56888
1.35968
5.71088
2.34584
4.25936
5.39112
0.95704
3.0212
5.07416
6.98936
7.20216
1.12336
0.91728
5.4768
4.50968
2.42032
1.74496
0.80472
2.24672
3.84832
3.62992
4.24424
3.90096
5.82232
4.1216
2.94504
2.63648
2.56872
1.26952
4.89944
1.30368
3.3012
1.37984
1.27008
2.46568
1.52544
2.0916
2.92544
1.01192
3.12312
4.11152
1.722
4.61384
1.7332
3.67248
0.71456
1.1368
3.36336
3.82144
0.97944
2.43936
1.88272
0.7224
1.34232
2.22152
1.65872
4.67712
1.64584
1.60552
3.7128
9.77368
3.71504
1.00688
2.91816
1.0584
2.53792
1.55008
1.63352
3.03352
7.44408
1.05728
6.24456
4.30136
4.7572
1.85024
4.0964
1.18888
1.59992
4.87032
0.20328
1.39776
2.33856
1.44704
2.20416
2.4332
6.51728
2.42144
1.44648
5.42528
1.41008
2.02552
1.38656
3.92168
6.0872
3.00944
2.92376
2.32792
1.4952
3.26144
2.06024
0.44968
2.55752
2.80392
2.94896
7.0028
0.6608
1.12168
7.18424
1.3692
3.93848
1.80656
0.40768
4.8328
3.33256
5.8744
1.652
1.17432
4.64688
0.39648
1.80712
2.15376
1.27008
2.89408
4.15576
2.40856
2.16384
2.90192
0.9016
0.34552
0.40376
4.53208
2.33352
2.07928
4.51752
0.6384
0.91896
0.24528
0.71232
4.31256
0.58352
1.7556
1.38488
4.19328
4.34392
0.41048
1.2936
1.75112
2.09776
2.97976
1.30088
2.8364
0.81088
2.8644
4.26552
2.77704
1.7864
1.24208
0.9296
2.72944
3.88416
3.13768
2.60624
2.0804
2.91368
1.84072
1.86312
5.70472
1.12224
1.59992
2.93328
4.04656
0.21112
3.33424
0.68936
3.25024
1.44424
0.7728
7.3388
1.45992
1.77744
1.21744
0.52472
2.86496
3.03464
1.07968
6.88968
6.7788
1.93256
1.80824
2.89352
2.65776
1.15752
6.15048
3.06656
1.48008
3.04584
1.54896
2.95904
2.82352
7.30184
1.56576
1.13008
0.88592
1.44704
2.114
0.34888
3.84664
1.30424
2.6908
1.53384
1.31824
1.61224
1.66656
7.784
5.4292
2.57152
4.69616
4.9504
3.12928
3.192
4.49624
1.83568
1.25216
2.52336
3.06488
3.34488
0.77784
1.24656
3.21104
1.96056
3.00104
1.69624
4.59704
3.836
2.24056
3.38688
3.71952
1.62344
2.27248
4.85128
2.73112
2.00536
1.47504
3.45688
1.97736
3.13488
1.79984
3.38352
1.8004
8.85808
2.30776
1.91632
1.01192
2.1588
5.33344
0.66584
3.98888
1.51536
4.95152
1.85696
1.73264
2.46568
2.20136
7.29064
1.17376
1.75896
1.21464
3.16008
2.5368
5.32168
1.3944
9.34976
0.93128
1.19504
1.95328
0.99456
1.44312
4.4324
1.02368
3.23904
2.4696
0.40152
1.51256
2.31728
1.52264
3.4832
2.08656
2.20192
1.86312
0.60928
1.58032
1.274
5.6868
0.48552
2.74456
1.26448
2.4892
2.77256
2.06192
1.9544
1.43248
2.63704
2.32624
0.67872
2.32008
1.58312
1.00352
7.4816
1.51984
3.93288
0.8512
1.8956
2.35088
3.15336
3.60136
1.57696
1.30312
1.22192
2.95456
0.56056
2.79048
1.78304
7.36792
5.74448
3.09176
1.01696
2.98368
6.27648
2.54464
6.77096
2.4472
2.85824
1.30592
0.9856
2.43264
2.03952
1.64808
4.26048
1.19784
0.82936
0.80752
4.46264
6.0284
0.77112
1.66096
1.3104
5.05512
2.70032
2.0664
3.62768
1.31768
4.74544
2.84592
2.8616
3.53304
1.97568
1.72312
1.2264
6.12752
1.24712
8.65088
5.7092
0.83944
1.1928
2.39512
1.50808
0.79576
1.10376
1.48064
2.98648
1.3664
3.64784
1.2208
3.47256
2.33072
1.72928
2.92376
3.35664
0.86856
1.05784
2.00536
1.03656
1.14296
2.8728
0.84896
1.95776
1.71752
2.23776
0.67536
7.19376
2.7776
1.62624
1.45768
3.6904
4.73312
4.42568
8.55456
0.71456
3.80408
4.2812
1.91576
2.9932
3.50224
4.11152
2.37888
1.31208
2.33688
2.12128
2.42088
2.09272
0.22848
2.49704
4.77568
3.59072
0.35728
2.6488
4.0096
2.52056
2.73728
4.86528
0.77728
0.32368
0.9688
2.28592
0.9688
2.74736
2.70144
2.1224
2.3324
2.81624
3.27712
3.61312
2.37888
9.51104
2.06696
2.19912
1.19112
0.8988
2.03784
2.18176
1.07352
1.09704
5.91752
6.2412
3.28608
9.03952
0.96824
1.60104
5.51824
1.30704
dv14	force20	site148	[AMP]300
6.84768
1.22584
0.25984
4.20224
1.20176
0.43624
1.11832
2.576
1.8116
1.34512
0.93128
0.1372
2.53568
0.4452
2.91536
1.288
4.44472
1.30144
3.6232
2.45616
3.22448
2.75744
2.75632
1.70912
1.26952
2.31392
3.4972
0.97552
1.86088
4.53208
1.25384
0.56728
3.95416
1.49352
4.92072
1.28296
2.58272
5.08424
4.18992
2.63592
1.17376
0.44072
0.1344
1.15248
0.68376
2.35088
4.16192
0.85792
1.0108
1.42632
0.77448
1.49576
4.3848
0.72128
2.30944
2.47072
2.8056
1.414
1.6744
1.29472
2.88792
4.172
1.09312
2.1252
1.23592
0.70224
3.948
1.07296
3.21496
0.868
0.94976
1.09648
1.72424
0.85456
2.71096
3.10968
8.246
0.48832
1.51424
0.51576
2.0916
1.34176
2.3352
2.95848
4.07904
2.53792
2.16384
2.02104
2.12464
2.2652
2.2036
5.42808
4.95264
5.57536
1.73768
5.53168
1.08192
1.43584
0.25872
0.83496
2.04456
7.0588
3.262
2.2652
2.58384
0.74872
6.48592
2.69416
0.35392
2.40688
1.3524
4.6368
2.48752
1.2488
1.25664
3.4468
2.52448
2.78824
1.64248
1.03824
1.07464
2.198
1.14968
1.51424
1.93424
9.3072
0.94136
1.75392
4.17424
1.66432
2.76304
3.89816
1.2936
3.71896
1.31488
2.20248
0.9716
1.35184
0.81872
0.69328
2.58552
3.5336
0.952
0.80976
1.87936
1.11944
2.74736
1.18552
3.35552
1.85304
0.51744
1.44144
0.1876
1.05168
5.62576
0.83608
1.85304
1.34848
3.8528
0.93856
2.59728
4.62448
2.75408
1.35128
1.67552
2.42816
1.80768
0.39984
0.2884
0.99288
1.63072
4.11488
3.11808
1.11608
1.78808
1.86984
1.95832
0.88256
1.29976
2.33688
0.4648
0.9492
1.60608
1.28576
0.99792
1.07408
2.01824
2.21648
1.05392
1.82112
2.52616
2.61688
1.07576
2.58664
3.95248
1.28296
4.91904
2.51944
1.68392
1.58312
2.10728
1.13624
2.28144
3.23176
3.67416
1.0052
1.43752
2.40184
4.7516
1.2572
4.02248
1.02928
2.23048
0.41888
0.4004
0.92288
2.08992
2.674
3.47872
0.74816
0.58912
2.1728
2.4724
1.89784
1.9796
3.33312
1.82
1.57472
2.08376
2.18904
1.35744
1.46328
0.94304
3.34712
5.3956
6.02616
2.4108
0.14112
5.03104
2.83864
2.30664
2.62136
0.9016
1.96672
1.35184
1.8508
7.26824
1.20176
1.91464
1.1788
0.76664
2.12912
1.83792
1.57472
4.69896
2.8672
1.41064
2.73224
3.89928
1.7192
0.89936
0.98616
4.08576
1.9012
2.21816
0.64904
1.51648
7.81256
0.98728
5.34632
1.28968
2.50432
0.7756
1.65704
0.36848
2.24784
3.11248
1.24096
2.35928
0.4284
0.81984
1.48568
0.06216
0.48216
2.30552
1.76344
2.53736
0.58744
1.24096
2.38224
10.05536
1.59992
2.9652
0.44464
0.39592
4.78968
1.2712
1.04832
0.59696
0.3136
0.1512
2.1448
5.83408
3.5196
1.5904
0.11816
4.3344
5.37712
0.97664
3.83208
4.02584
0.72912
3.514
2.11848
2.2456
2.03504
2.21368
0.95424
1.23424
1.87488
1.442
1.88552
2.25792
1.61672
1.0864
1.12784
1.29808
3.17128
0.49392
1.78528
3.12984
3.66744
3.07888
3.15392
0.89992
1.78696
3.04248
4.7712
1.7976
1.43808
0.798
1.42576
1.9124
1.03824
1.55904
1.9404
1.86032
2.74176
9.85432
6.84208
2.08768
1.59712
0.62888
1.45096
2.16944
0.742
3.33088
1.43416
3.87968
4.7488
2.00144
1.30984
1.2348
1.19224
1.0444
0.77952
0.35616
4.18712
0.83888
4.36072
2.04736
4.2616
3.9592
2.49032
2.52224
2.31056
2.15992
0.85344
4.38984
1.58368
2.78152
4.85016
1.58368
1.34456
2.19632
2.42144
2.5004
5.21192
2.56032
2.05912
3.18024
1.73208
2.19296
1.32888
3.33984
0.12264
2.18344
1.53776
4.51472
1.19952
3.528
1.50864
0.21952
4.05048
1.47112
2.08768
4.12384
2.45392
4.25992
1.73208
0.5544
0.91448
1.95608
0.98784
1.32216
2.84872
2.38168
1.50864
3.46528
3.00888
0.05768
2.77032
2.02552
1.96728
1.00016
0.80528
2.79776
3.69992
1.92416
2.30832
0.60592
1.90624
1.31208
4.50968
2.11456
2.06696
0.98224
2.01488
1.40168
2.82464
4.53824
2.92152
1.82336
2.9932
1.38376
1.9236
3.04808
1.8788
1.52488
3.26592
1.74888
0.8036
1.42576
0.93688
2.20584
2.72552
2.48864
3.8416
4.14792
3.7352
0.52864
1.87712
0.54376
0.99624
1.26336
1.4504
1.68616
0.79016
2.142
5.51376
0.76664
3.0044
1.63072
6.85048
2.65888
1.00128
4.95656
5.3928
2.9932
2.2456
0.78232
1.73376
1.50584
2.34192
1.38152
2.34696
2.8896
0.7308
7.22624
2.77368
1.61168
1.64472
1.17656
1.75448
2.07704
0.82768
0.69944
1.80656
1.9516
0.53928
2.09776
1.65816
1.41512
1.582
1.092
7.49224
1.51256
0.93352
4.04432
2.15544
0.18312
2.06696
3.26928
7.25872
1.60552
1.23312
1.36976
0.92288
0.82936
2.56648
2.91984
0.89936
0.62328
0.15904
1.0864
2.6236
0.40208
2.19632
4.56568
2.072
1.37816
2.79384
2.79328
0.33656
0.6692
2.86272
3.66016
2.8252
1.71416
1.12616
0.75712
1.28744
0.69048
2.05296
0.8904
3.51456
4.78464
0.63784
2.84256
2.19968
1.55792
1.76904
1.2432
0.92624
1.5316
5.40568
0.90048
1.59264
1.16648
2.38112
3.25696
3.85448
1.49744
1.66488
4.6396
5.00584
2.46568
1.65088
1.20344
1.0948
1.8648
4.5416
0.9464
0.85176
1.8228
0.4088
1.20344
3.73184
3.68424
2.87952
2.05576
2.4556
1.29304
0.73248
1.90232
1.53384
2.84872
1.57472
0.35504
1.49688
3.73464
4.26216
0.9576
8.40896
0.4956
4.3932
0.9856
4.41896
1.48232
2.07368
2.79216
3.08784
2.79832
1.88216
0.94472
1.4924
6.77264
2.89576
1.70576
8.52264
1.55288
1.32608
2.73168
1.56016
1.77296
0.57904
1.15024
2.12968
1.54392
4.47496
2.17
0.19712
0.4536
1.064
4.11656
1.01584
0.70672
0.8652
0.42224
1.26392
3.74192
1.24208
1.35072
1.46272
4.29296
0.88704
1.4
4.89944
2.07032
1.4952
0.75152
2.0944
3.47088
4.14288
4.81152
3.14328
1.39944
1.16648
7.37688
5.22704
1.6408
1.38432
5.1632
2.28368
4.37472
0.26208
1.5036
0.85904
0.62328
1.88608
0.55664
1.18608
4.86024
1.21968
2.96632
3.0212
0.81592
3.13992
4.99408
5.6952
2.18176
1.86648
5.13968
4.30192
1.34848
6.64272
1.72984
2.97752
0.36456
1.568
0.79296
2.53008
1.64976
1.50472
3.54368
1.02592
0.69328
2.184
3.05648
1.57864
1.53216
1.47728
0.34608
3.77888
1.22976
0.78624
1.33336
1.918
0.94304
2.80616
0.69496
2.19016
3.03184
2.35592
3.86008
2.25568
1.27456
0.32648
2.19184
3.22224
2.67848
3.56944
0.24696
2.16832
2.26856
1.61728
5.02152
1.4224
0.31416
2.14872
2.0944
3.26928
0.42168
2.1756
3.78112
2.0748
3.85336
2.7832
2.21144
5.16824
1.23704
0.70672
0.81984
2.226
3.40144
3.3348
0.79072
0.448
2.66896
5.68232
0.42056
0.8092
2.57824
2.16328
1.4448
2.58104
1.38096
3.26592
2.85096
7.8988
7.9184
2.2372
1.40056
1.76344
1.1704
1.65928
2.4472
1.12
1.00856
1.80768
2.18792
1.41008
1.93424
1.54112
3.11304
1.37592
4.67264
0.26992
5.64592
1.288
2.24504
0.55496
2.67064
4.34672
3.23288
1.97064
0.96768
1.75504
1.32048
3.00104
3.26816
1.60608
3.78728
2.11848
1.83064
3.11864
3.17408
1.53272
3.79624
2.9932
2.27864
3.97208
4.06
1.2348
1.94992
4.46096
4.73088
1.09088
7.0504
0.44632
3.48768
0.99512
0.66696
2.71488
4.10088
1.64472
1.00352
0.72912
1.38208
1.57304
1.42688
1.65536
1.72424
1.20848
1.45712
1.1536
3.74024
2.13136
0.68376
0.9632
1.69512
2.41248
1.9516
2.2848
1.3132
2.79272
7.61824
1.98856
7.06328
0.4704
6.47416
3.64896
1.52824
2.37328
4.46936
2.96968
0.6104
0.80472
3.39472
2.40072
0.49224
1.81664
3.57896
1.78696
1.09872
1.23872
2.75352
4.09864
1.568
7.50792
0.82096
1.30144
2.1644
1.47168
1.94656
3.91944
2.67456
1.72536
5.89008
0.9688
3.88696
1.0192
6.38568
3.25584
2.5116
2.00872
2.89688
0.56336
1.08584
1.68728
0.9772
0.43848
0.78008
7.06496
0.51632
1.21632
4.81544
1.35576
1.25664
1.19392
1.81272
1.11496
1.73432
2.20808
1.23872
9.57992
1.7052
4.95992
1.07968
2.81792
1.0108
6.60968
4.07736
2.82632
5.3788
0.74872
2.02944
0.66808
1.00688
2.49928
2.25176
2.16776
1.45656
2.61968
1.98688
1.94544
1.82392
1.65256
1.62456
2.75296
1.71472
1.38488
0.89376
1.99864
3.78168
2.35032
1.32664
2.18344
1.0976
2.13976
1.35576
3.90376
3.94576
3.21496
3.6988
2.58832
1.0192
1.41008
1.92808
1.19784
3.47592
1.48904
1.90064
0.20664
0.52024
1.6128
0.81928
2.44048
2.84144
3.4972
1.2768
1.32104
2.828
2.10392
2.08208
2.70424
8.97288
0.57064
3.64168
1.37424
2.75856
0.40376
2.29768
5.96624
2.08208
1.61784
2.11512
2.75408
0.17976
dv14	force25	site148	[AMP]300
1.76568
2.75352
1.1032
0.29904
1.75952
1.00856
3.86232
1.54504
0.672
1.54
0.65184
1.64248
2.55584
1.84856
2.002
2.94448
1.37536
2.99432
0.32368
3.9452
0.12936
4.76336
0.49224
0.25088
2.51104
0.22232
0.83776
2.71376
4.31704
1.20008
2.48976
1.03152
1.904
2.15488
0.86296
0.1932
1.51984
2.13248
5.80328
1.5932
0.89768
1.3524
0.94864
1.58984
1.0276
3.83824
3.13376
2.49592
0.50288
5.10272
2.23328
4.58976
3.09288
3.55712
2.85488
1.19952
0.35896
1.53776
0.8176
5.75344
6.07096
1.46216
1.2124
2.79384
3.10968
0.60536
2.17616
1.29976
0.60088
2.72104
1.49968
0.94304
2.5536
0.1456
1.26056
0.99904
1.57472
2.36432
0.61152
0.38192
1.86144
1.792
0.45864
0.47992
2.23888
2.37048
1.3356
2.1224
1.55848
1.05
0.58184
1.34064
0.52864
6.0844
1.3216
0.72016
0.73416
0.742
1.58984
1.91296
1.89504
1.53048
1.05448
2.10728
3.9844
1.8676
1.11608
1.08416
1.40616
1.07912
0.86128
1.90736
3.78168
7.1708
1.33504
1.71024
0.92792
1.89896
0.85568
1.50304
1.75
1.46776
0.76944
1.52376
0.55832
1.21184
1.23984
1.19672
1.68504
0.6832
0.7252
1.61224
0.57232
1.14016
1.23536
1.89896
1.53272
0.46368
6.8572
3.52968
0.4144
1.78192
0.33432
0.81144
0.52136
1.58536
1.65032
0.65744
1.50248
1.54056
2.1588
0.6048
0.65464
1.95104
1.14576
1.13232
1.90176
1.20736
2.2456
0.72744
1.19784
0.27552
0.4592
2.30216
0.90048
1.17096
3.4972
1.12672
1.66936
3.07384
1.9768
5.3312
1.41344
0.4004
4.47832
3.3376
3.20824
1.1256
3.28608
0.49112
0.83608
1.65872
0.49504
0.40208
2.29712
2.14704
4.55952
2.50488
3.12424
2.3912
2.7664
1.03768
0.48048
1.38376
3.40648
0.04816
2.87616
0.38528
1.34288
0.4676
3.04024
0.78736
0.18368
2.324
1.14464
0.6272
0.6888
1.68056
1.62232
1.91016
1.33896
1.03376
4.33776
0.51576
2.74568
2.92432
0.65072
0.65744
2.4976
4.424
0.44968
0.11312
2.18232
3.06488
1.85584
1.81384
0.11928
1.65312
0.95592
0.1344
0.80136
1.79704
4.53768
1.8648
2.57488
0.31696
1.31096
1.38152
2.13472
0.48608
1.63632
3.80296
1.37592
1.39552
1.03824
1.08752
2.00816
0.79968
1.00184
1.4672
2.32904
1.25216
1.72816
1.3916
1.18552
9.02384
4.9168
4.56344
4.05944
1.94992
1.74496
0.70896
2.38672
1.27064
0.94752
1.43528
2.72048
2.3156
0.93744
0.57624
1.12728
4.41224
1.57416
1.3776
1.25272
2.2372
0.54152
0.42168
2.81008
5.27296
1.62232
0.77392
0.7868
3.52128
2.53568
1.5316
2.36488
1.42744
3.28944
5.49864
1.01696
2.00872
0.97664
2.67792
0.30128
1.15136
1.2544
1.9096
3.72736
2.86608
0.87192
0.58128
0.64232
1.0696
2.75744
1.428
0.73024
1.15024
0.42504
1.74776
1.74048
0.4648
0.75768
0.08512
0.63112
1.39384
0.97272
2.03896
1.8228
0.44352
1.2432
2.09216
1.638
1.84688
1.72592
0.46424
2.63984
0.13552
0.89264
0.17808
1.81104
0.99904
0.9408
1.50416
2.36264
1.00072
1.74776
1.13792
3.13152
1.12952
1.5316
5.71312
0.81816
2.4864
3.03352
2.08544
1.75448
2.1812
4.06392
1.56184
0.56112
1.26952
4.59088
0.22792
0.09856
1.1872
2.74736
0.85008
1.59432
1.25888
0.92008
2.62248
2.35872
1.55512
0.97776
1.71696
1.42632
1.47728
0.11256
1.2264
1.79816
0.33544
1.07632
0.49448
0.52024
0.87304
0.61152
5.17272
1.0584
3.03912
1.31488
1.01752
2.08376
2.3688
1.55568
1.78192
2.35872
1.5876
4.03368
1.20288
3.65736
1.58144
3.06824
0.71904
1.3328
1.51088
3.262
2.20976
2.19688
1.42184
2.46904
1.65648
0.5376
1.29808
0.5264
1.19448
1.0388
1.57528
0.25032
0.98392
0.4032
4.7516
0.32648
2.21368
2.20864
0.91728
6.76088
0.64848
5.7232
1.1676
3.6484
1.05448
0.62104
1.29976
2.38112
1.35688
2.87896
0.86576
0.588
1.69064
1.17936
1.65032
0.58072
1.24096
1.4336
0.79856
0.26824
1.88048
4.00288
0.56672
1.12224
1.65312
4.88376
1.13344
1.24544
4.00344
0.60424
4.1244
0.80472
4.64072
1.62792
2.50824
1.35632
1.26
1.94432
3.12312
2.64768
3.7016
0.38472
1.53888
0.8764
0.53872
0.44688
1.4756
1.18776
0.96936
3.99448
1.38768
0.2044
1.81608
0.94752
1.91912
2.35144
1.81552
0.48552
1.3328
3.80968
1.76176
0.96152
1.99136
0.84448
0.44632
3.1808
0.93352
0.6832
2.55696
1.2936
1.53552
1.87376
1.02312
4.6648
1.28072
4.23192
0.74256
2.38728
3.17576
0.42336
2.35816
0.34552
1.18944
1.91968
1.22024
0.94416
3.17408
1.3048
0.93576
1.18104
2.81288
3.39416
0.64736
2.6712
1.13456
1.57976
1.48792
1.25944
1.2544
0.99232
2.74344
1.652
0.55776
4.04432
0.85904
2.43992
1.55456
7.82264
1.9992
3.07328
5.06184
0.93072
0.62776
1.5176
1.28352
0.68208
0.56224
0.66976
0.36624
0.90664
1.74832
1.25664
1.16424
2.62472
0.17416
1.26392
1.74104
0.308
0.16072
1.34568
0.31976
0.4872
0.30576
1.03264
2.0132
1.5204
2.02496
0.83104
0.23688
1.15528
1.09088
3.50896
1.11272
1.56856
1.74832
1.29808
2.33072
1.27568
1.35968
1.25664
1.36864
3.374
2.20752
1.15976
1.15024
3.42552
1.13568
2.72104
0.64176
2.03
1.11888
0.33376
1.8396
0.66696
3.49944
7.60312
0.95592
0.51352
1.1032
1.974
0.99456
3.83936
0.8876
0.60312
0.33152
0.66024
0.8456
0.54936
0.68992
0.36624
0.5432
0.20496
0.80472
3.44064
2.3632
0.82264
2.52728
5.40008
3.79736
1.58368
1.55344
2.30272
0.54208
1.56464
2.23384
2.05352
0.58296
4.13728
0.73752
0.37352
0.46032
2.09496
4.018
4.1356
0.86296
0.33432
1.38488
0.8344
1.85304
0.30912
0.25368
1.5736
0.3388
1.98576
0.4844
5.5608
3.19312
1.40616
2.90696
2.36712
5.48688
1.03208
0.95312
3.73968
0.6384
1.1368
1.23032
0.58352
2.15824
3.1192
2.67456
0.94416
2.6824
2.75128
0.44632
1.08864
0.76048
0.826
1.15192
1.61672
1.0024
2.09832
1.01304
1.078
2.24168
1.72536
0.96824
1.50808
3.9732
2.54296
1.76624
0.99344
0.78176
1.07016
4.02808
0.66696
2.13752
1.49576
1.21408
0.68096
2.576
1.93816
1.83624
0.47768
1.02368
1.7136
0.58296
2.42144
0.2492
6.04968
3.05928
0.8344
2.63704
0.7476
1.54056
0.96712
2.02664
5.1716
0.7112
1.55736
1.5344
2.016
1.6016
1.02984
1.61168
1.53552
1.36304
0.87864
2.18792
2.2988
2.7972
0.5488
2.14424
2.1252
0.84112
2.52
3.17296
1.58592
1.29528
1.95776
1.00408
0.92792
0.37744
3.16288
1.14016
1.11888
3.1556
1.32272
2.92824
1.94824
1.84184
2.03784
1.18888
1.51928
0.44408
4.23696
2.04624
1.2964
0.3472
1.10768
0.5964
3.82928
2.282
0.47264
1.67328
0.13048
0.44072
4.09696
2.7384
0.65016
0.80696
0.30576
1.722
2.92096
2.5368
0.59416
3.0408
1.23032
1.38936
0.81256
3.6932
1.15584
0.48048
0.52304
3.99504
0.83272
2.0636
1.24544
1.70352
2.83976
1.0668
0.58016
1.13568
1.456
1.52824
1.94208
0.91784
0.26264
3.44232
1.68224
0.4592
5.04392
0.86464
1.5316
3.75704
1.08584
1.9208
1.88664
1.89168
0.448
2.07088
1.67832
1.69344
0.3948
3.2676
0.68992
0.69496
2.12856
1.3188
0.63504
1.16872
2.55752
0.4648
4.09192
4.62448
1.0164
0.70896
2.12856
0.17416
1.12224
0.49672
0.43848
0.68432
1.36248
0.26152
1.97792
1.58312
3.43448
1.72424
1.94488
0.8092
0.23128
0.48384
0.88368
1.46944
0.91336
0.938
1.47728
2.40296
3.32528
1.3496
1.31936
1.42688
1.43136
2.56368
1.47056
1.31096
1.60888
0.71288
0.89376
1.85976
2.19856
4.4156
1.2124
3.24072
1.28968
2.02216
0.40824
1.80544
2.05464
1.652
0.84224
2.07144
4.56344
2.086
0.09352
3.43448
2.58272
4.56792
4.39712
0.52472
4.6956
1.74496
1.8284
0.5152
0.85624
1.50304
4.50352
2.22712
0.90776
1.81888
2.76696
1.07968
1.01416
0.53256
1.52376
1.34904
1.1228
2.73504
0.81816
1.7752
1.73712
0.53032
1.61112
0.80416
1.064
1.22416
1.57528
3.8024
1.65368
2.47744
1.52096
3.07664
0.74032
0.60088
0.28448
1.3216
0.72576
1.02984
2.47408
1.1004
0.28504
1.48456
1.16424
1.54616
1.904
1.52264
0.29456
0.938
2.48024
1.65704
1.20456
1.12448
2.05408
5.45776
5.796
1.28856
1.88104
0.52024
3.34152
2.89576
0.966
2.47912
0.65912
0.75992
4.27392
2.42256
3.13712
1.13904
4.21232
0.40264
1.45656
1.64472
2.60064
1.19504
0.21448
2.53064
0.7924
0.49952
0.71904
1.10656
1.06344
2.13248
0.67088
0.99904
0.92008
1.56576
3.06488
1.74552
1.62176
2.35872
3.06488
5.30488
0.80976
2.48248
1.69624
1.21912
1.73376
1.27512
1.25776
1.09704
1.2572
3.46752
1.88832
0.6048
1.596
1.4784
1.16984
2.33408
2.66784
0.93688
1.26896
1.44536
3.81024
1.95272
0.38192
1.29696
1.30536
1.11328
0.59304
2.45784
1.80936
2.55248
1.69064
6.79224
1.064
1.56072
2.14424
2.12408
0.69328
0.95648
0.57512
1.44032
3.25808
2.0944
0.47376
1.22864
2.15096
1.2824
1.43528
4.53376
1.28352
0.97272
0.58856
2.27584
4.00736
3.42608
1.4588
0.63672
1.71472
0.77112
1.34904
1.91352
1.65816
5.72656
1.64192
1.638
0.5684
3.80632
2.98424
2.10448
1.10992
3.08728
2.56424
0.64456
1.29752
5.5552
1.5008
6.08552
3.5252
0.20104
0.88144
0.86856
1.90792
0.6468
1.62848
0.4564
1.26392
0.63056
2.63592
1.43136
2.13248
4.0628
0.69608
3.052
1.89616
0.72688
2.1896
1.38096
4.19384
0.90552
1.22696
1.6996
1.7724
1.60384
2.16496
2.99712
2.1364
1.2516
1.8536
4.0964
0.28896
1.22472
4.24032
0.60536
0.33768
1.17096
2.48472
0.91056
1.5428
2.75184
2.60792
1.22248
1.93816
0.79912
0.23856
1.81272
1.5456
3.1808
1.5988
1.33728
2.3996
3.2732
0.4116
3.98104
2.93552
3.08392
2.52728
1.65368
1.97568
0.798
2.90304
1.82896
0.95032
1.38096
2.46512
0.99792
0.8484
0.6468
4.00568
0.5488
1.95104
4.02752
1.76176
1.6184
0.81032
2.09776
1.31992
1.42296
2.19744
0.76384
0.5012
2.34192
2.52616
0.99232
1.10936
3.25472
0.78512
1.51984
2.63256
0.30464
6.50552
2.52112
2.50656
0.3696
0.79856
3.15224
0.98224
3.0576
1.77128
2.562
3.57
0.33936
2.79496
1.39552
0.392
2.08096
1.71304
1.26784
1.17264
0.86016
2.8504
5.12008
4.354
1.71696
2.63648
0.34944
2.00592
0.7028
1.18328
0.89992
0.40096
1.5344
2.00928
1.50528
5.29928
0.44632
3.78952
2.53176
2.03168
1.31376
1.77744
2.29824
2.67512
0.83048
2.1336
0.89208
0.62552
1.94992
2.24112
1.5148
1.93368
2.74008
4.83168
1.51928
1.0248
0.9016
0.5012
0.41048
0.85344
1.8284
2.22656
2.3912
1.95832
1.18776
0.5712
2.3212
2.21928
0.12264
0.79856
0.94864
0.75432
0.99624
0.55664
1.23648
0.1988
0.8876
1.27176
5.7316
2.09664
3.20768
1.03432
1.7556
1.72368
1.8508
0.56
1.2628
3.96704
1.36864
0.91168
1.18496
1.05224
2.0664
2.04344
0.34496
0.8204
2.2008
1.48008
2.71544
5.21192
1.27568
0.35
0.7168
0.81816
0.8736
1.70408
2.28536
3.24576
0.46032
2.31
4.27392
3.42944
2.35648
1.39384
1.48008
0.55608
1.13232
2.39008
1.0304
1.54056
1.06344
1.20456
0.71568
1.59152
1.85304
0.994
1.28296
4.5304
3.19368
dv14	force0	site148	[AMP]3000
9.04736
10.72624
10.626
3.57672
1.92752
1.62064
6.44056
14.13104
0.94136
9.24672
7.3752
8.3888
6.97592
11.15352
39.0628
0.20888
5.19792
24.80576
14.97104
12.6588
4.1216
18.59536
18.90392
41.3336
54.4628
12.60336
11.22072
1.28912
2.73168
17.4356
8.14688
11.58696
6.08944
8.1312
13.40248
6.33808
14.2296
12.10608
16.0356
7.86632
5.98416
4.12664
0.82712
19.07976
6.4316
77.4592
25.662
29.21968
8.50304
15.87432
9.75856
20.91544
35.6104
9.56424
28.80024
30.95792
37.16944
2.91088
10.37232
18.70792
11.80704
3.88248
1.76568
11.0768
8.4364
21.47712
21.39256
29.28688
4.01072
12.83856
7.17976
4.70736
8.18832
9.73616
21.53704
20.61472
8.59488
16.40408
6.97088
9.16832
11.28792
9.07928
10.88696
5.84584
3.89312
33.43704
4.662
3.56272
10.93456
2.70256
9.5144
10.52576
34.14264
25.04712
5.61064
12.6812
8.60608
9.23608
2.58944
4.83448
12.45384
38.80016
17.61312
9.54128
32.87648
9.64376
7.41608
2.32848
12.12848
15.21688
8.41456
14.62272
2.78936
14.42
2.156
32.86416
24.48432
41.47864
20.31456
8.56464
7.03864
8.08752
28.39704
2.87504
6.1572
3.23064
45.29336
8.0192
21.13832
15.57304
30.226
2.50768
29.32664
5.90464
29.49464
9.29656
36.21464
11.37416
dv14	force5	site148	[AMP]3000
3.56384
5.32448
3.01784
5.90128
9.69528
12.90016
19.37656
2.58384
14.78288
9.56424
6.8796
1.90288
2.4948
9.07312
3.67752
3.49104
7.22736
1.23536
9.772
11.01688
7.06384
7.48664
3.1304
15.72256
2.408
3.0436
6.02168
5.46392
1.28744
0.79016
16.23664
18.15128
10.70664
4.27672
0.70336
15.1984
20.04576
5.44712
4.46824
7.40264
13.46184
8.30704
17.32752
3.31408
23.99824
8.57696
15.72704
3.08504
29.83848
1.41344
3.16512
14.81312
16.69136
1.90512
9.60736
22.94768
1.47168
4.17144
8.30704
19.3956
9.65664
32.55728
15.06456
27.53072
10.99448
10.36
4.72864
9.03672
4.74152
3.79736
28.2996
4.9784
20.73344
4.78856
3.0716
17.78896
5.88784
10.74752
14.1764
8.36864
3.90824
14.85456
10.79344
8.70072
1.36192
29.13736
16.33352
43.93424
16.97752
25.26496
1.3636
48.39408
14.24752
16.0132
9.0776
7.48608
7.42728
12.65768
33.69016
5.27744
14.87752
1.79816
14.00896
8.5932
10.3992
14.25592
2.78488
8.34176
4.0404
9.14984
9.6292
20.08104
2.78488
4.76
12.20016
5.9948
2.08432
14.28056
4.9532
7.11648
4.3484
21.79856
15.1508
12.89624
2.46568
12.58768
5.7008
17.598
10.27712
10.81584
3.53752
1.10712
3.64
2.99656
11.78296
18.2028
4.25432
7.70448
1.862
14.32816
19.95672
27.35488
10.13936
23.14144
3.34096
1.2544
10.9872
1.18048
15.54896
10.50504
11.59816
4.10816
3.03968
39.08576
7.62048
2.8952
6.87848
12.59944
1.60776
0.87808
14.34888
20.59344
9.83976
27.1152
2.01376
11.19216
14.364
1.75392
5.50256
36.76344
2.42312
21.79576
4.03424
12.91416
29.91072
18.95712
4.64072
14.74592
1.078
27.93784
8.44816
3.34488
3.6232
26.47064
6.15888
13.99832
6.44784
6.6528
3.79344
0.24304
3.30792
dv14	force10	site148	[AMP]3000
15.10936
15.98688
18.13784
2.19968
22.3832
4.81936
14.23576
3.8248
1.6688
25.49344
7.6552
1.1788
0.49336
7.87024
3.45464
5.446
7.70056
12.05176
14.53368
3.89984
4.494
0.70168
1.72648
3.61424
2.09552
3.17352
12.65712
3.60752
11.10704
13.2188
0.23968
11.16808
10.4048
9.43768
2.1056
7.12152
1.86032
11.9812
1.95328
9.38616
5.2248
2.02776
24.06656
5.5552
4.0516
5.75008
24.13432
30.6964
3.77944
8.41568
18.57072
1.4224
18.47776
10.95808
4.13168
11.09808
6.15048
18.43464
12.17048
5.50032
12.91304
4.14512
33.97968
11.42792
15.89616
15.35688
13.34592
22.93984
3.90208
15.22304
19.65936
6.02112
3.29616
10.85056
12.08984
12.082
7.2716
7.65576
23.98816
3.39864
8.74328
7.47096
1.51088
5.4684
13.1712
6.09448
12.56136
17.02736
12.25616
23.54408
6.18352
2.49816
7.59304
10.77272
19.58936
14.85288
3.76096
7.7168
18.25488
5.29592
1.86928
8.03208
0.97384
6.9832
43.41456
15.46104
14.21168
9.46848
9.39176
8.232
8.94264
24.72232
11.91848
3.74304
7.58352
6.5716
3.77944
19.64312
4.13616
6.90088
24.0128
7.58296
23.10448
6.00376
1.00016
4.38088
2.66896
5.88448
1.2936
16.2316
6.61584
3.97768
6.13312
5.85816
8.6492
15.568
3.07776
2.282
9.25288
12.73776
15.79368
11.96608
9.7776
4.61104
5.61512
23.8588
36.77296
10.02736
21.8624
12.20688
26.38328
5.9136
7.96208
1.61336
9.20136
8.12952
21.42672
9.19912
14.0336
11.10032
10.63888
1.218
14.39592
13.78496
12.19792
0.224
5.14416
15.57024
5.26624
12.7904
40.84136
6.8824
7.88256
0.1792
6.37448
13.21656
13.88016
2.04624
3.22672
25.0432
8.3272
5.1604
3.70272
12.67056
2.69472
4.97616
12.12512
14.32032
2.73784
14.28336
5.1352
21.85288
17.36056
4.74264
13.12304
0.42504
dv14	force15	site148	[AMP]3000
13.29328
0.67816
4.46432
2.18512
7.50344
13.60576
4.11432
6.65112
3.4608
24.41544
1.09032
10.45072
2.32008
1.63744
2.08264
27.68024
5.48072
17.47256
0.56672
12.18784
4.94536
16.31784
1.38656
11.73592
2.54968
2.58776
6.16336
10.98664
7.5656
11.28736
30.40128
9.90416
11.68776
6.60912
0.78848
0.58632
8.86144
5.40792
25.29408
3.41432
2.2176
2.7384
13.48984
36.97624
43.16704
15.90848
18.0628
6.83928
2.92768
8.69456
5.43536
6.82416
8.67832
3.94968
12.53784
3.17016
3.3432
2.53624
2.0412
6.94176
5.44992
1.29472
5.29928
25.92912
5.71872
3.5896
11.05496
25.13616
13.74744
28.94248
11.53824
11.63456
10.56104
11.39488
10.1892
8.1704
19.99032
7.26264
25.20504
10.76992
1.54952
3.47088
8.46328
14.89992
4.1972
3.2788
17.62488
3.11416
20.61864
6.56656
15.76288
15.85304
11.95992
2.73728
18.8944
2.71992
9.62472
9.21872
7.77952
5.09152
2.47632
8.49856
3.3796
11.7908
10.25864
10.34656
8.49464
18.47384
16.786
2.07256
6.82528
1.56688
13.31624
11.03144
2.1532
1.00128
3.42776
2.2596
1.8004
1.14968
13.50888
8.18608
3.15616
8.53776
3.48936
28.62216
19.09208
1.46048
6.65672
11.51976
4.27168
28.74368
6.21096
4.84512
1.80152
4.65864
9.42032
3.06992
11.9952
16.04736
0.98168
9.78096
52.99896
1.61056
25.61776
2.338
7.1876
3.28832
6.0928
0.7728
10.038
3.91888
7.30632
16.27304
7.0756
12.34352
7.95144
29.11384
8.0388
7.36176
20.6024
4.5472
9.17224
14.49448
39.86472
5.8044
6.4288
3.06656
5.978
31.24128
1.01472
9.22656
5.60448
2.72888
20.79672
12.08536
0.6804
4.88712
3.63552
2.7524
7.55216
12.54848
2.38616
6.88744
3.61312
3.78896
17.0856
4.01184
7.6916
8.64808
12.96008
13.09784
23.4248
7.74144
6.71216
1.8228
8.62288
1.63352
8.67496
6.06032
5.86432
11.71576
4.0656
5.63976
1.33896
14.49112
21.3248
23.37776
1.4644
10.16232
12.7372
14.4704
2.49592
4.87424
5.61232
5.39392
8.8928
dv14	force20	site148	[AMP]3000
4.2756
5.04896
22.52936
7.23296
10.67192
4.75048
2.96072
6.93504
3.87352
2.17784
23.05072
14.36848
7.27048
0.99064
2.45336
20.30952
5.25168
26.558
5.57816
0.29736
2.39008
0.742
38.16288
3.83208
14.44016
1.62064
22.29416
2.61072
4.1132
4.80144
27.9188
1.3104
3.69936
0.21896
3.17408
15.93536
25.64576
15.46608
1.70464
2.93888
3.87688
2.63928
1.7388
12.2472
5.39728
5.37208
22.50808
6.41872
1.4672
3.58064
4.27
2.21872
2.37384
8.58984
5.61792
4.22352
10.3516
3.50896
9.00648
2.76528
2.84648
11.17144
3.0716
2.81624
17.65288
1.50976
2.33744
2.128
6.36832
1.17936
1.64136
4.29576
22.56072
1.98184
14.43904
12.6
2.03392
13.91768
6.03848
4.20952
7.24304
5.79376
6.87624
2.98424
7.13888
3.56888
4.67208
3.08784
1.6324
8.8004
1.30536
7.41776
8.3412
4.97784
5.04672
18.75104
4.08632
6.9272
0.79352
8.34288
4.312
4.25264
1.68224
4.4772
1.04048
1.74832
2.53848
16.89576
5.42024
7.65016
3.23344
10.34992
2.2736
1.37032
28.72184
3.95472
3.48376
11.13616
3.44344
5.2528
2.2288
14.93184
2.8252
41.3
4.02752
4.21064
6.83312
2.07312
2.40856
3.3236
4.81936
10.4664
40.08312
10.96536
5.92368
0.52304
7.81368
4.1468
0.43176
1.92472
2.37216
12.15872
7.8792
0.98168
3.78448
2.56424
2.7356
6.04352
12.82904
3.23344
6.0172
9.632
10.96704
2.28648
6.69872
9.79328
4.5024
12.47288
1.5848
2.87504
1.35016
2.02328
4.38648
1.40504
3.00832
8.50136
17.95248
0.64232
1.63296
4.18544
3.8752
1.0164
8.26504
3.6288
2.80112
10.24632
38.02176
2.76416
4.04488
1.30032
2.16664
2.62192
3.27432
0.96208
0.27776
2.22264
0.6384
3.35944
16.1476
13.09336
18.2868
9.2288
2.00704
5.50312
8.00688
8.73488
4.01968
8.03936
27.29104
8.3104
4.06392
11.90448
0.6776
4.75552
1.99024
11.45816
2.34864
4.29576
15.98464
1.32328
1.47
2.1868
6.32128
0.32144
1.82168
14.7308
12.83912
1.53664
5.24496
1.55344
5.90184
8.1956
18.1272
5.20296
2.92824
8.80376
1.94768
3.71728
8.5176
0.78568
2.90248
8.8508
1.37088
21.71736
8.40952
6.62648
4.08016
5.47792
3.73352
2.13248
19.10048
0.28056
9.04624
2.35928
12.82624
2.64656
6.30448
0.9044
3.41768
4.73592
4.64408
36.31992
3.35328
1.79424
4.92072
0.61712
5.9808
7.90328
1.07968
6.81184
1.17712
2.2512
1.9684
1.31432
28.9352
11.34896
6.97648
9.18904
9.01656
9.7776
17.98216
10.20208
0.28504
10.78784
4.96328
5.82568
2.75968
2.09048
7.88424
3.79008
1.52152
4.02024
16.86272
9.33352
15.38992
1.6128
21.87584
6.18744
10.87912
2.59056
1.48792
5.79712
21.22232
3.248
11.1104
5.92648
5.80104
2.81792
13.538
dv14	force25	site148	[AMP]3000
16.5872
7.7252
1.45992
4.40552
0.2408
3.52296
27.82584
1.36248
10.76376
1.33392
4.70456
4.69224
4.6452
1.36136
8.98464
0.7644
9.15096
0.1204
1.72032
9.212
6.14936
3.83992
10.69208
4.08184
1.33728
1.806
7.924
11.6032
1.60496
3.1948
2.71096
16.33968
8.72032
6.85664
8.38824
3.77888
21.8512
0.42616
7.4032
7.54768
5.49136
6.35992
7.51744
2.10056
5.03944
5.0372
1.62568
8.71304
9.156
2.68016
5.44712
4.96832
4.72248
5.11336
9.97416
0.74648
2.24728
5.03272
4.50408
8.09816
1.58984
2.03504
1.85136
4.9308
2.156
2.30888
3.36504
11.69448
5.44264
2.50096
1.6212
7.70168
9.18008
2.33072
0.35728
1.04888
3.20264
1.34904
11.242
0.32424
4.07512
1.98576
1.33392
2.7748
5.026
7.64624
0.66192
1.94656
13.69088
0.28112
9.45224
4.82944
1.02368
2.87112
10.7044
1.78024
10.5392
4.64688
8.24824
2.15936
0.61992
1.62624
3.9396
11.1468
8.58312
3.3768
24.63104
3.37568
11.39656
9.70424
16.33576
1.49352
1.97344
2.9652
0.10192
17.6036
2.6152
1.87544
14.66752
6.00544
0.41776
2.24112
6.92776
1.34008
1.40392
24.08616
2.87448
1.30088
1.72312
5.04504
2.88624
1.64808
8.87656
15.03936
4.69336
7.79072
7.12656
1.69904
8.23592
2.184
2.22208
4.158
6.62592
7.27552
2.95232
38.97152
0.8204
20.26696
4.1664
4.30808
3.81416
7.04312
6.06088
0.952
4.1944
2.14592
3.32248
11.72304
1.65928
1.988
6.10568
16.97472
7.96264
5.12736
4.58808
0.65576
3.7156
6.24568
2.744
1.55456
2.86048
2.6376
4.26664
0.65744
3.70608
3.9704
4.578
2.52168
0.9716
3.8528
1.46944
0.32256
3.9928
2.79832
1.32944
12.39448
6.06144
3.1808
1.6996
15.11832
8.32328
17.02624
10.06264
3.35384
2.76472
6.6612
3.388
1.6688
4.40776
17.3628
4.68832
0.5208
13.14488
0.94528
8.86816
3.26984
6.38176
2.842
3.68144
3.27656
0.72968
13.51056
0.45864
15.03432
3.43224
6.29832
10.53024
4.67656
1.75056
3.3684
2.87
1.42184
5.20632
6.59064
0.14336
0.83104
6.93952
2.21648
16.45224
1.34904
2.33912
8.12728
6.96136
4.19944
1.56744
0.47152
8.28856
2.15824
20.2104
4.25432
4.65248
6.74072
7.79016
9.48416
5.81
5.86824
9.20976
5.88056
3.65288
1.89168
5.06912
11.12608
21.64344
8.56184
3.05704
1.134
2.22768
8.06008
12.18952
8.86032
10.85616
1.8536
7.95032
0.83104
7.17472
4.22576
9.46008
3.57896
2.91816
0.3304
1.09088
0.37408
4.088
1.57808
4.89944
12.86432
3.31856
8.13064
0.63224
5.10216
6.30952
1.17712
6.0732
0.89376
2.6292
5.7428
2.9596
3.50952
1.39776
2.78656
17.54424
0.16016
12.25112
2.42536
0.41496
7.04592
0.86352
7.63
3.90096
1.25552
1.46776
1.77576
2.7692
1.1788
33.6924
4.5948
1.41344
4.50912
18.732
14.96936
5.2388
11.49344
4.67488
1.29808
1.18608
9.07368
5.40008
18.32152
8.02032
3.32864
4.75496
10.2788
7.24976
2.26296
2.26912
2.56816
3.80184
2.52336
3.02064
3.6848
10.49608
0.3304
1.47392
5.18224
0.34888
7.56
22.68952
3.72064
3.4804
2.72552
2.28312
2.29936
0.69104
0.2408
4.20672
3.738
20.3672
3.6764
0.4592
4.35064
4.144
5.35528
2.5816
3.5448
3.97432
1.50864
22.47728
2.28536
4.78744
5.08312
0.4564
3.78784
1.59208
11.74712
16.49256
0.14952
1.24768
8.19336
11.93248
15.37088
7.79016
4.36968
9.39848
5.7736
0.33488
7.9492
