dv14	force0	site148	[AMP]300
1.69344
2.23832
1.56576
1.24656
1.75
3.70608
0.68712
3.93176
5.53672
0.95928
2.91256
1.80992
1.39944
0.56168
2.38896
0.5152
5.9444
3.83488
0.14
0.27944
1.11552
3.2732
0.53592
7.36008
1.15584
1.6548
1.4392
2.84648
2.34304
11.51976
2.93104
0.30632
2.00648
3.37624
1.18608
0.79408
3.22112
3.8836
0.2632
1.708
1.88048
3.58736
3.45856
2.8028
0.30856
0.00784
0.52472
1.53328
0.54376
2.08152
4.88208
0.44912
0.00336
2.38504
0.29904
7.24472
2.58384
0.12096
3.93456
0.31696
3.89816
6.9048
0.46872
5.99256
1.04328
1.95048
1.55904
1.29864
0.36568
1.20288
3.13264
1.05896
3.07832
1.49128
0.57288
4.6564
8.83736
0.03752
0.19712
2.20136
2.61128
0.83944
2.91424
2.67176
1.15416
3.29896
3.32248
1.0024
1.80488
3.87856
5.27968
1.92304
7.32928
1.6352
2.54968
1.73432
0.72688
0.38304
0.74256
6.43888
7.61488
0.89992
0.0504
4.71296
2.6124
1.22192
0.50736
4.4436
7.2436
0.75656
0.09128
1.10208
3.98328
3.8192
1.9152
2.37216
5.00808
0.14336
0.88872
4.24424
1.58368
0.76832
2.28424
0.26936
7.13272
1.06456
2.95512
0.54824
0.76608
1.0388
1.53496
2.37832
0.30352
2.20304
0.7336
0.1288
3.77328
2.07984
0.93296
1.36864
0.4928
2.7384
1.2068
5.5104
1.95552
1.12448
3.49832
0.78512
5.2864
4.13448
0.1456
0.23408
0.87024
1.08416
0.2716
4.52032
1.61896
1.456
1.70688
2.80392
3.04416
2.58048
1.59936
1.2404
0.81424
0.18144
5.03832
0.66976
0.4676
1.36248
0.11536
0.3164
0.378
4.12104
1.69904
0.50736
2.91256
0.33824
0.28
4.29912
5.05288
0.2436
0.37296
0.74592
0.2744
7.11424
0.05768
1.2236
0.3864
1.62568
2.97024
0.3556
2.76864
2.11848
1.03656
2.12352
2.09048
1.95664
1.78416
0.27104
2.16608
1.0304
1.16648
2.49032
0.04592
0.72912
3.36112
1.98576
0.90608
0.72128
0.24024
1.51032
6.34032
0.7448
0.46928
5.51656
12.21192
2.98032
1.0752
1.51984
3.0128
0.24192
3.8808
1.97512
1.00128
1.59152
2.9596
2.11792
4.80648
1.98184
0.3976
1.45768
3.09792
6.94176
1.05616
3.0548
0.364
4.05384
1.13232
1.54336
3.15056
0.54936
4.64352
5.51432
4.90952
3.80072
0.68936
0.87416
0.27888
0.24192
3.83992
4.51528
0.34552
3.23904
2.04736
1.74328
1.43584
6.9748
1.75168
1.31432
1.3832
0.50792
3.30232
2.61408
5.00472
2.6964
3.60192
4.634
4.718
1.75056
0.25648
0.81872
0.63224
0.11088
0.7224
2.9876
1.694
4.49736
0.1372
1.01416
2.57152
2.47744
0.00728
4.81544
1.77912
3.24632
0.6104
0.15064
0.69384
1.68
0.57232
0.88704
3.25416
0.28056
2.71992
0.26824
0.85288
0.45472
4.78352
0.00056
0.28504
2.48136
0.06776
0.45752
0.00392
3.33144
0.31472
1.98632
1.36248
1.66712
0.02016
0.08064
0.83104
4.76392
4.09808
5.38216
1.28688
3.6204
1.62456
2.87392
7.72408
5.05512
3.11752
2.0524
0.57512
11.79472
1.47784
0.22624
3.77776
1.12392
4.02864
0.2492
2.97304
2.37104
3.06544
2.05632
0.04984
1.99696
6.04576
1.6492
0.48944
0.9324
2.22096
3.28664
2.29264
4.3512
3.07496
2.11176
3.11304
1.49296
0.60928
1.19616
4.08576
0.81704
2.59336
1.97344
0.95368
1.36024
2.0552
6.95184
0.50064
5.37432
3.73632
0.66416
0.29792
3.92784
0.61208
0.33992
1.54616
1.38208
3.65848
6.99888
3.08616
4.27672
0.46648
3.4692
2.04848
1.18272
1.44648
5.42192
0.45024
0.4172
0.80024
0.29512
0.11312
1.63184
1.0136
0.6272
2.09104
2.5536
0.69776
2.63368
0.32312
1.29472
0.2436
1.84464
1.05
7.7924
0.12488
0.96712
1.94432
1.14408
6.6864
7.85288
4.10872
0.29624
1.95944
1.87488
1.3888
4.76112
0.09072
0.25424
0.12712
1.15528
0.9184
5.51712
1.07632
2.34752
0.41832
2.05856
2.75184
7.46256
0.71176
4.75216
0.40096
3.9788
1.44144
4.84288
1.40168
6.28432
4.59144
0.9184
6.95352
0.94976
0.098
3.99448
0.94472
3.13096
0.6496
16.89576
3.4272
2.86944
1.54
1.50528
3.25472
2.01376
3.2312
4.44696
1.46552
1.02816
4.68496
11.31592
0.19264
1.694
5.42584
3.79792
3.35664
1.99528
0.24136
2.33968
6.95072
5.55632
1.66992
0.95592
0.16912
0.11424
1.21352
0.95592
3.37176
4.77736
1.96784
5.66328
1.22472
2.12184
3.91048
0.78568
2.7076
1.4952
5.19288
0.37744
1.13568
3.86344
1.5988
1.69736
2.8952
0.72464
0.74648
2.38672
5.348
0.74088
0.51352
4.48168
6.70152
2.4976
2.74568
7.89544
0.8624
1.4756
5.9136
2.9344
2.52952
1.01472
dv14	force5	site148	[AMP]300
0.2632
2.20416
1.03936
1.84744
1.6492
0.82152
7.65968
2.43544
0.02688
0.47208
1.57136
2.48024
0.10248
0.41664
4.0376
0.60256
0.50904
4.5388
1.38656
1.8564
0.36512
1.30312
0.042
0.28168
0.02184
1.57192
0.8708
2.69248
4.39992
3.25024
3.0828
2.53792
0.19488
0.01008
0.78288
0.13944
0.11592
1.13848
3.58008
2.1728
3.2872
0.7224
1.34064
0.67256
0.8652
0.868
1.176
0.76776
0.22512
2.79216
2.93608
4.32208
3.85336
1.65816
0.00056
7.13608
4.08744
0.77392
0.56
5.1828
0.6188
0.35728
0.31752
1.9152
7.90496
0.21952
2.59168
0.96544
1.56128
3.60248
1.666
3.10184
1.30088
3.62432
0.742
2.07816
0.33264
0.51576
0.96824
0.3276
4.92016
2.61072
4.10928
1.09984
4.24872
2.22208
1.08528
1.85304
0.73528
0.17024
1.15584
3.40704
1.69848
1.75224
1.94824
0.882
0.34384
1.97736
0.88368
3.80016
0.65464
4.4352
0.22904
0.1372
1.3748
0.93688
5.70528
0.39648
4.53544
0.57456
0.00336
2.20752
0.46816
5.09768
0.21336
1.05448
1.25552
0.46984
1.35688
1.77912
4.55504
3.97208
5.8828
2.506
7.15512
2.2484
0.26712
2.82856
0.92512
1.11608
4.12664
0.86408
0.1204
0.09632
0.22344
1.3524
0.92064
1.19784
0.71792
1.554
10.2032
2.54464
1.64472
2.01768
3.60024
2.20976
0.48832
0.78344
1.79872
0.09912
1.17656
5.1044
0.00392
2.3968
1.73992
2.22544
0.70224
1.93032
0.58632
3.16232
2.43152
3.92672
0.98168
1.80656
1.2992
0.29456
1.96336
9.36712
0.37688
0.73136
10.48432
0.14336
2.62528
2.92544
0.72072
0.36064
2.05464
0.1848
2.55752
1.68336
0.58968
3.19088
1.54616
0.04648
8.40672
2.63704
1.30424
2.0496
3.63496
1.50864
2.25176
4.05216
0.5488
2.17336
0.58912
0.4564
3.33424
0.20216
7.29008
0.07336
0.57512
4.52424
3.19368
1.8928
1.09872
0.43848
3.0996
0.69216
2.29096
3.05816
1.75224
0.8344
0.36288
0.38192
1.30704
0.5712
1.60048
2.05856
0.546
4.8272
0.10416
7.87584
4.39208
0.61488
0.27328
2.11568
0.7784
1.52768
6.91264
2.03784
4.89104
2.64936
0.6356
4.64128
1.70744
0.91224
0.68544
9.96912
0.7196
1.57584
0.6972
10.02232
5.57088
9.32176
7.1624
1.31096
2.5536
1.56016
0.27104
0.3052
4.80872
0.14952
1.3468
1.71304
4.96552
2.00872
1.14688
2.16496
0.71736
1.40784
2.70872
0.11592
1.00352
0.44016
0.33264
6.26192
0.6748
1.14856
2.47856
0.55608
0.92456
7.97384
0.9184
0.35504
0.01736
0.89544
13.16168
1.80376
1.37368
2.22376
3.9844
0.2968
5.2836
0.1792
2.34416
0.45752
1.6716
2.20864
1.53888
4.02024
12.23376
1.61728
2.61408
1.40224
0.06552
0.7336
1.3776
2.64936
0.27888
1.64752
0.71288
2.18288
2.20976
2.40968
0.3836
0.03192
3.78112
0.04368
3.31576
0.504
1.87264
4.5024
1.37704
0.94696
6.99832
2.26968
1.57248
4.18544
1.1396
0.8904
0.37072
0.41664
4.2448
4.92072
0.66584
2.83248
0.51744
1.36304
0.66416
1.848
1.26112
2.57992
2.56368
4.11432
1.11104
1.6828
1.27848
2.27304
4.19048
5.3116
0.13272
3.32472
1.1452
1.16312
0.73976
0.44408
1.05896
0.0616
2.20976
3.4076
0.82152
2.19072
1.20288
1.42072
1.79256
0.7224
3.26872
3.92056
2.41248
0.65744
1.61
1.11104
0.55944
0.67312
0.61152
1.11944
0.80304
4.53488
1.55736
0.4956
5.94104
0.78568
1.2852
1.43808
0.00112
1.31432
0.72128
5.4516
4.5248
6.57048
2.43992
0.73024
0.38696
0.46592
0.14504
4.70736
1.36304
2.42256
3.67024
1.01584
0.26544
0.47264
7.40768
1.92528
0.99344
0.2772
6.17792
5.33792
0.7924
1.65312
1.26952
12.02096
0.9604
0.168
1.26784
2.72888
1.15192
2.82912
4.31592
1.9712
0.84728
1.26616
2.95848
0.79632
1.23592
1.90624
3.5756
1.41736
4.8272
1.43864
3.04248
3.29
2.18288
0.10136
3.77608
3.84888
1.93704
0.49448
0.08176
0.14336
1.99024
1.51256
1.51088
4.30136
1.54224
3.54872
4.34784
1.31992
0.88872
2.16888
4.20504
0.25256
0.55608
1.20232
4.68216
2.62752
1.14744
2.67456
0.89936
5.81784
0.21448
4.23024
2.59616
1.37872
0.82264
3.25192
2.13864
0.52024
1.51144
1.2236
0.25536
0.9884
0.0028
1.30704
0.84
0.51856
0.17416
3.37624
0.29904
0.01792
0.04816
0.434
1.6828
0.38024
1.17992
7.11872
0.03528
0.8288
1.51704
0.70616
2.87336
0.46592
2.18456
2.31728
1.28688
0.82712
2.2484
5.09712
0.58744
1.91072
1.44424
2.46232
1.22976
4.1328
2.47352
0.97608
3.74584
1.5484
0.0644
0.0364
0.52416
1.22192
1.10096
0.10472
1.9292
2.26128
1.36472
2.90808
2.04568
0.00168
1.69232
0.31864
0.57792
0.28
0.81704
3.1108
5.8828
5.38384
0.266
1.5792
11.70848
2.43824
0.77896
0.33712
2.32064
1.73656
3.07664
0.25088
8.7556
2.2904
4.42344
0.5628
1.6632
0.45136
5.14976
2.38672
1.09928
1.73096
2.87336
0.06216
0.71792
3.79288
1.71472
1.3104
2.79496
3.24912
1.86816
5.00192
0.72912
0.16688
3.5392
1.43976
2.10168
5.29088
6.27256
3.11696
0.08176
5.09432
1.55848
0.21952
0.88424
2.00312
0.61712
0.94136
4.89048
0.64344
0.1652
1.19728
1.16032
dv14	force10	site148	[AMP]300
3.39864
0.91
7.3108
1.38712
0.64344
1.0528
0.3864
1.72872
3.13544
0.61208
0.336
1.24152
4.67768
1.81048
2.9932
0.6552
2.12072
1.42296
3.33256
0.05208
1.30088
1.53496
1.2572
0.46592
4.36296
1.38208
0.59528
0.24024
1.86928
6.35264
3.40648
4.2084
0.21
0.16576
3.67024
4.54048
0.2856
1.5624
0.27552
4.88264
2.1252
5.97744
1.02368
0.80752
3.73688
0.34832
0.63784
2.35424
3.02512
5.97464
1.29864
0.63728
5.3368
1.42184
0.01904
0.21056
0.53592
0.92624
0.68824
2.17784
0.69216
0.42336
0.52024
0.90608
2.79888
2.0552
0.9744
1.67328
1.344
2.11288
4.20336
0.16072
0.28448
5.1296
1.09872
0.602
1.86536
0.26488
1.72144
1.66488
1.68504
1.30536
0.09352
8.372
7.12264
0.8232
1.32944
1.44648
2.69808
0.26824
4.47048
4.05608
0.76832
2.29376
0.69608
1.72144
0.22568
2.92376
0.18816
0.61656
0.00448
1.3048
1.10152
6.17904
1.10376
2.46792
0.08064
2.51328
0.14
0.75488
0.10136
5.138
2.10616
7.66024
2.07424
1.04048
6.8124
0.98504
3.0856
1.90792
2.04288
0.30688
1.51312
1.59152
1.17432
2.0272
1.60776
1.82336
3.64952
1.10768
0.40768
1.88104
1.27008
1.52544
1.52432
0.57064
2.63032
2.14032
0.16464
1.02648
2.55304
0.19712
5.71536
3.04024
1.7136
1.72928
1.20624
10.41432
1.17096
1.45768
1.80152
0.6636
3.33872
0.99232
4.97
1.06288
0.04816
1.36024
5.92872
0.1652
0.41944
2.65328
0.54824
6.59176
2.32008
0.18928
0.0616
0.3696
2.6852
0.8428
1.27568
0.882
1.62736
1.75112
1.79984
0.14616
1.48344
2.37776
0.96488
5.88672
0.73584
0.16464
0.75936
0.17864
0.8232
3.5896
3.75928
5.60504
0.07448
0.72856
3.9956
0.0252
0.70896
0.0056
1.7136
2.17728
3.58512
2.4192
1.71472
3.60416
3.458
1.66488
0.76104
0.41048
0.07616
0.54376
1.41512
4.1048
1.16928
1.01472
0.33936
0.7672
1.1788
0.96936
5.98864
3.90656
4.66032
1.39272
0.07728
0.84728
3.47592
1.3356
2.8924
0.33656
0.29904
7.30632
1.46328
1.14856
0.52192
2.87616
6.27592
2.99264
2.06696
1.25272
0.67536
1.13568
2.22096
1.21464
0.47768
6.6864
1.92528
2.49872
1.65536
1.11664
0.64008
6.97704
0.7952
6.01328
1.76512
0.31864
1.86312
2.25568
3.682
1.97176
5.92144
0.65072
0.14168
0.02856
1.25104
0.09744
1.62512
1.69512
0.8848
0.57456
0.09016
4.01016
0.392
1.2376
0.9968
0.89096
2.34752
2.73896
4.31536
2.9876
0.10024
2.08152
0.04648
3.52352
7.09744
0.11144
0.02632
2.19856
3.66632
6.63152
2.61072
0.53144
2.47632
0.49616
0.23408
0.32032
1.49464
0.09968
1.06568
0.86912
3.27096
0.34216
1.90568
0.30464
0.02576
2.21144
1.43864
0.62272
0.66584
2.37776
0.04872
1.3888
1.75224
2.842
0.5236
0.23576
4.29184
1.93536
1.17656
1.10432
4.71464
1.18496
0.76104
0.07616
2.41024
0.61208
0.9968
0.8932
6.39128
3.14552
0.01008
1.91016
8.38936
1.21856
4.14176
1.72536
1.83288
2.35648
6.4932
2.7468
1.4532
7.51576
0.4032
3.69768
0.44408
7.07056
1.91408
7.15456
2.63928
0.49336
3.22952
0.23016
2.03952
3.15504
0.28336
5.67952
7.27608
1.40448
2.2624
1.1928
1.40056
4.16528
1.04048
3.88752
4.81544
0.76608
1.38152
0.74088
0.57736
3.06376
0.29232
0.56
0.47376
0.84112
6.19696
0.56728
0.59248
1.81272
0.43456
6.8992
3.8108
0.06216
1.8452
1.59544
0.93464
1.1396
1.67664
1.37032
3.89536
2.0832
0.8708
1.946
1.62848
4.00232
2.30832
0.25928
4.03984
11.19664
0.0588
1.61896
4.91512
0.11032
0.48048
1.5624
8.46608
5.64144
0.15008
2.28312
6.56376
0.99792
3.14384
0.28952
0.46704
0.39592
2.36712
0.546
1.62456
0.26768
5.81728
6.7564
1.71808
0.17752
1.07632
1.9936
0.05936
1.34624
1.04832
0.45976
0.79352
1.63464
1.29248
0.9632
1.85864
2.65944
1.16816
3.43336
0.84504
4.82664
2.27696
0.70392
3.80968
0.42672
2.99824
1.48736
11.16864
0.97552
2.18176
2.56648
4.08744
2.47296
0.41496
2.96632
0.7952
0.5488
0.75936
1.46832
0.00224
2.9848
1.17152
4.64184
1.19056
0.7084
0.62552
1.1984
7.9436
1.39216
0.61992
1.51368
2.1196
2.24224
2.74736
1.29752
0.7476
2.1364
1.1676
0.04984
2.76472
1.54392
4.9056
0.63448
1.1368
0.08344
4.83
0.01904
13.0956
1.2824
0.66752
1.01864
1.40448
4.66704
6.20088
0.61656
3.48824
1.43808
0.8288
3.962
4.90896
0.31696
1.8032
0.56336
0.92736
0.77112
2.05352
3.3768
1.652
0.66528
0.68264
0.4732
3.37176
3.84216
0.40208
0.826
1.47784
4.57128
1.25496
0.47544
0.72688
1.1172
0.364
0.52528
0.62608
0.4816
2.55584
0.98
0.1568
0.28224
1.99584
0.42504
0.09912
0.43344
0.22288
3.81248
1.14912
0.67872
0.96152
0.37968
0.07728
1.0976
1.69232
0.91392
7.01624
0.93632
0.69104
5.33064
4.44416
0.92736
1.26784
1.33896
0.37072
1.95776
0.44184
2.66112
1.75784
2.73168
0.0112
1.43808
4.80592
0.4816
0.3668
0.6272
0.38808
0.4872
2.82912
5.17944
2.41976
2.23496
6.19808
1.5176
2.25904
0.7056
0.00056
0.44576
3.7828
0.03584
0.21784
6.7368
1.67552
1.0276
0.45864
4.6032
0.49672
0.61656
1.39048
0.18536
0.4424
1.81104
1.30984
0.28336
1.56296
1.41904
0.23632
2.07424
2.772
1.08472
0.85512
0.42504
1.82168
3.66856
0.71848
1.5624
0.77672
2.22768
6.0312
3.97544
0.96488
5.58936
0.10752
0.07056
0.01568
4.662
1.10432
1.43192
1.20456
3.34656
2.8168
0.5236
4.26384
0.07896
1.61896
2.37776
3.70944
2.40632
0.35728
1.17208
1.56408
0.406
2.03112
0.7028
1.51592
0.02464
2.96464
6.37672
0.5628
0.56448
0.45304
1.68672
0.7644
0.27944
0.49112
0.4116
1.8004
1.29136
2.73616
0.13888
0.49168
1.29248
0.71344
0.83832
4.16696
4.10928
2.83696
0.93968
1.89168
2.52728
6.3532
6.29104
1.0024
0.87752
0.66584
0.18424
dv14	force15	site148	[AMP]300
0.9044
0.94584
0.68208
4.46096
2.51664
1.41456
3.03744
7.40208
0.15512
0.09912
1.4532
4.14176
1.246
1.4392
0.45696
3.136
2.18568
2.23216
0.72016
2.84648
0.02408
0.6636
0.37688
1.28184
2.47408
1.48176
0.71848
7.47992
0.69552
4.32096
1.24824
1.9068
1.72592
0.2184
2.07928
1.90456
1.4896
3.82872
0.69328
0.52808
1.57584
0.97608
0.532
2.2148
1.60888
7.47488
1.68504
0.20888
4.47272
0.99288
4.17536
4.592
0.38528
0.80696
0.09016
2.1784
1.39664
0.16352
0.99344
0.37912
0.16968
0.77336
1.04496
2.10616
0.0672
0.54992
0.16072
0.9604
10.16344
0.13944
1.29584
1.45824
2.45112
0.0868
1.42016
2.26632
7.70336
2.23104
0.27664
3.0856
0.77112
3.36728
0.64512
4.86248
0.00728
1.93536
3.48992
5.79096
0.16688
0.06944
1.29248
4.2504
1.66376
3.36
2.66448
2.38392
1.01696
0.49392
2.54744
2.37944
0.0616
3.55656
1.88328
2.27136
1.27288
2.84424
3.35496
0.03808
0.994
0.37408
3.23456
0.00168
1.45488
0.58856
1.5988
0.29344
0.14896
0.68992
1.12448
5.348
1.89056
0.4648
2.38168
2.25456
6.37168
1.18384
3.15504
1.82672
0.38192
1.9768
3.53976
1.45208
7.2996
0.92288
3.7464
0.7812
0.7616
0.47992
1.8536
2.04008
0.05208
0.30856
1.33504
0.8232
1.31824
2.4248
4.18208
2.7748
3.60528
0.12432
0.9324
1.41792
1.2488
1.49016
4.22688
0.15792
1.39776
0.71512
1.00632
2.954
0.02576
2.3856
2.53064
1.40056
1.06792
0.06888
1.32776
1.42632
4.52256
4.34896
3.0912
1.25104
0.62944
0.06832
1.91688
1.064
0.46312
2.07144
1.6044
4.28512
1.26168
1.26056
0.50456
1.01808
1.23648
0.46592
2.78208
0.4284
2.5396
3.62544
6.39128
0.5908
0.19096
0.96936
0.21
0.12432
0.12768
0.57344
0.00504
0.77504
1.3216
0.08624
0.34944
7.92624
1.3216
1.07576
0.15232
1.99584
1.6856
2.78488
3.63048
2.56704
1.49184
2.73504
1.04328
2.5116
2.02944
0.168
0.35392
1.20064
0.95704
0.04256
1.49576
6.17288
3.4692
0.1372
6.6668
0.72296
1.2768
2.90864
1.90344
2.4136
0.70112
0.06552
1.18328
0.16632
2.72384
1.49464
0.60144
0.24808
0.7364
2.8588
1.47448
3.91104
2.00088
1.89952
0.34496
0.76384
1.07688
0.15512
0.14056
3.15336
1.36136
0.46704
0.66024
0.0084
4.1972
1.93648
1.89896
0.66976
0.3836
0.22624
0.40656
0.00224
1.03824
1.67104
0.04928
0.70896
0.39256
0.3052
0.00672
1.55176
1.232
1.59712
0.72128
2.21872
0.93352
1.13232
4.70568
0.95648
2.82632
0.47264
2.85152
0.05824
2.36936
0.87136
1.16144
0.86912
0.6076
2.1924
5.33904
4.58304
2.65776
3.00216
1.0332
0.83888
1.32552
0.66584
0.45976
0.0168
0.826
1.50752
1.50696
0.16632
0.12712
0.46536
0.01736
1.35128
2.07648
0.46928
1.8928
3.59856
3.44512
1.0556
1.79144
0.90216
2.11792
2.38392
0.00784
0.33208
1.06512
1.24992
1.8032
2.058
1.43976
0.14
0.57344
0.15064
0.0252
0.37352
3.85952
3.07664
0.5852
0.5236
1.52936
0.38024
1.33392
0.24808
0.6664
0.58464
1.4308
1.12896
3.03184
1.1256
4.8076
0.82656
1.76848
3.9284
0.67816
2.77368
2.78264
5.03888
1.90568
0.9604
0.87528
5.42416
4.41056
1.652
0.9184
0.50288
2.99152
2.44664
2.9344
1.96672
4.13784
2.7412
1.81496
1.87264
1.22304
0.87696
3.47256
0.504
0.80304
0.7756
0.36064
1.45096
0.2072
0.74368
1.48904
0.7896
1.81272
2.86552
0.49896
3.7296
1.28184
3.30568
0.22792
0.47656
2.68632
3.0156
0.29736
0.2212
0.5768
0.03752
0.62216
1.07128
0.83104
4.2952
0.742
1.40448
3.45576
8.0528
3.0688
0.74368
2.21032
0.31248
2.29152
0.92008
0.5684
1.8368
6.97032
2.05296
0.96768
4.3092
2.61856
0.94528
4.01968
0.1624
0.40936
1.72648
0.21504
1.4784
1.344
4.75048
1.3916
0.20552
2.9456
0.74872
0.72968
0.93016
3.29728
3.88808
1.82728
0.89152
1.53328
0.0672
1.28352
0.08288
0.0504
1.68952
1.15976
1.18216
4.52648
0.3612
0.3416
4.89944
0.15232
3.68536
0.37912
0.2912
2.97416
2.80448
4.55728
0.4452
0.33432
0.63336
0.74032
1.0612
0.29456
0.10584
2.36096
3.74192
1.32608
0.18032
1.4
0.66416
0.27888
0.01008
2.64376
0.04648
2.02328
3.67528
0.0028
0.01288
0.19208
0.37632
3.99952
0.08288
1.37088
0.76328
3.6848
1.98296
0.224
1.1816
0.0644
1.6016
1.12448
0.23856
2.17
0.54432
0.96152
3.12872
2.1224
0.1568
0.43008
0.50568
2.33408
3.19368
2.03448
0.84392
2.69472
0.02016
0.38808
3.5336
3.9956
0.97944
1.13232
2.184
0.16464
3.05592
0.01624
2.52168
0.02128
0.53648
4.5584
0.02464
1.33056
0.5992
0.16632
1.49072
2.62136
0.57624
6.66848
4.7124
0.97048
0.42616
1.8536
1.5232
0.47488
3.94688
1.46776
0.9352
1.05784
1.358
2.5256
0.59136
6.42656
0.5068
0.6524
0.10584
1.40336
0.12432
3.2844
0.95872
1.05616
0.80024
0.63784
0.82992
1.5624
6.25912
4.69056
1.34792
0.86072
2.96688
1.8704
1.9992
2.91984
0.1176
0.01624
0.68152
0.59248
2.8532
0.32928
0.42784
2.00256
0.04648
2.64768
0.32928
4.37136
2.0776
1.66096
3.15392
2.64824
0.80976
3.98272
2.59896
1.78304
1.22304
1.20736
1.0976
1.12448
0.28952
2.26016
1.3356
8.65536
0.4284
0.756
0.33376
1.49856
1.4812
0.30632
2.09888
0.7336
2.9848
0.5628
0.67872
2.16776
1.17376
6.496
0.28392
1.01808
0.26544
2.87336
2.21872
3.9676
0.45696
7.9548
0.4116
0.58856
1.67888
0.63784
0.20944
0.89768
0.95368
3.04136
1.3916
0.35896
0.13552
1.4616
0.62888
2.50208
0.5796
1.84744
0.19376
0.16856
0.29792
0.14896
0.61096
5.05624
0.28336
0.4256
0.76048
1.83736
0.03304
0.77168
1.0724
0.13608
2.02328
2.28088
0.5992
0.14056
1.15416
0.94584
3.99896
1.44032
3.6736
0.47152
0.27664
1.41736
2.60848
2.34248
0.8288
0.994
1.82224
0.3416
0.16296
5.84472
5.40904
1.58984
0.42504
0.08848
5.26568
0.33208
3.00328
4.93864
1.84688
0.61936
1.0976
0.62496
0.63
1.38768
1.38488
3.82312
0.43456
0.06664
0.2968
3.03688
4.80536
0.238
0.90048
0.19768
4.47776
0.29848
1.4532
0.82488
1.0108
2.5172
0.23072
2.22096
1.8452
1.28744
0.72912
0.49504
5.278
0.79072
5.12064
5.18504
0.182
0.12544
1.93816
1.00352
0.09184
0.37184
0.71344
2.85768
0.00448
0.12544
0.98392
0.88312
2.0384
0.56112
1.09648
1.39048
0.01848
0.5348
0.34944
0.52976
0.72464
2.33968
0.26936
0.85344
0.80528
1.53048
0.40936
2.04568
1.80992
0.98056
1.20848
1.94096
3.5308
4.03312
5.82848
0.2296
1.8116
3.6008
0.56784
1.81776
2.24224
1.99752
0.40936
0.6832
1.40448
1.18832
0.90048
0.00392
1.25104
0.798
3.30064
2.4444
0.2688
1.62344
2.78544
1.24936
1.30648
2.41024
0.44184
0.00336
0.30744
0.80808
0.81088
2.6628
1.81216
1.32608
1.12952
2.5956
3.05088
2.1392
1.51872
9.11232
0.90664
0.87976
0.00392
0.26544
0.16576
1.82448
0.74816
0.00896
4.75216
5.74224
1.36304
7.37408
0.04592
0.73472
3.24352
0.95816
dv14	force20	site148	[AMP]300
6.05192
0.5768
0.10248
2.5592
0.39536
0.014
0.31472
0.8708
1.14352
0.20272
0.47936
0.00728
2.31112
0.11088
0.4536
0.16744
2.60512
0.31192
2.69416
1.16872
2.646
1.29808
2.47128
0.92232
0.3052
0.90272
2.4444
0.55104
0.77952
2.71208
0.15456
0.1596
2.42368
0.74368
4.26552
0.60424
1.27736
2.45168
2.14088
0.65464
0.02688
0.33712
0.02128
0.0056
0.55552
1.63912
2.63312
0.69104
0.82264
0.59472
0.01232
0.81928
0.32368
3.82984
0.33992
1.0948
2.11064
2.43152
0.47208
0.6384
0.03248
0.85288
0.05376
0.58184
1.77856
0.06552
0.42952
3.00888
0.80528
1.0388
0.21672
0.46256
0.88816
0.76328
0.7308
1.80544
0.1288
5.8716
0.11144
0.52136
0.37016
1.8676
0.52976
0.34944
1.99584
2.27248
1.07744
1.11664
1.06624
0.15064
1.1172
0.42672
4.37864
4.1552
3.9004
1.11776
5.49864
0.05264
1.218
0.00336
0.14168
1.46888
6.40416
2.70088
0.58968
2.41304
0.22624
1.498
1.16704
0.15512
2.04736
0.58464
3.71952
2.09272
1.05392
1.01584
2.74344
1.49016
2.40408
1.42128
0.41552
0.00056
0.87136
0.29624
0.36008
0.5236
6.12136
0.07504
1.07408
1.79648
0.61488
2.0076
3.72288
0.95928
3.13376
0.02856
0.78736
0.00112
0.21448
0.39256
0.196
1.96448
1.6688
0.75432
0.44352
1.0332
0.98112
1.34736
0.61656
2.72216
0.19992
0.08176
0.7448
0.02296
0.03136
5.41352
0.33824
0.75824
0.59752
1.76288
0.63728
1.55064
3.60584
2.41528
0.78736
0.71456
0.5488
0.7532
0.22232
0.06216
0.07728
2.2708
1.22808
0.20384
1.02984
1.71192
1.41288
0.28224
0.18592
0.50176
0.04592
0.20048
0.994
0.01456
0.714
0.60368
1.05896
1.11664
0.50904
1.49968
1.24992
2.24504
0.25536
1.34736
3.0212
0.46144
4.32992
2.17168
0.99344
1.19168
1.54336
0.75824
1.61896
0.83384
2.7972
0.86744
0.41048
0.9604
0.55216
1.4616
0.61096
3.72344
0.24304
1.55176
0.10304
0.26992
0.37632
0.63392
1.6828
3.05648
0.40432
0.32928
1.49968
0.81592
1.52208
0.42168
3.11976
0.12488
0.60704
1.66376
1.22136
0.23128
0.70448
0.36344
2.49872
4.32376
5.4796
1.96392
0.03136
4.79528
2.21312
0.7672
2.59392
0.01736
0.9464
0.23576
0.16576
6.87064
0.364
1.14688
0.13776
0.53424
1.09536
0.4256
0.53312
3.2564
0.50064
0.54264
1.08416
3.25864
1.70632
0.07
0.83272
1.81216
1.49744
1.9824
0.31416
0.66416
5.76688
0.44128
4.1104
1.05952
2.2008
0.06328
1.23088
0.01008
0.04144
1.91352
0.7168
0.07392
0.38864
0.75264
0.89432
0.00784
0.00672
1.74552
0.86912
1.76624
0.0112
0.09464
1.76344
4.87256
0.35896
2.57264
0.23856
0.23968
3.58848
0.96376
0.02968
0.10304
0.19768
0.0308
0.36064
5.36256
2.59112
1.06064
0.02352
1.83176
5.06352
0.1372
3.15056
3.36336
0.2324
0.84952
0.06216
0.8148
1.62344
1.358
0.30296
1.05336
0.90552
0.042
0.16296
1.8732
1.24096
0.61768
0.96712
0.3976
1.778
0.01848
0.08904
2.29152
1.63744
0.098
2.19072
0.01512
1.46216
0.18088
4.00568
1.30312
0.07672
0.71176
0.1316
1.86088
0.67424
0.16184
1.54
1.23536
1.44592
8.47616
5.47624
1.55736
1.06232
0.30688
1.26392
1.01024
0.18704
1.04832
0.68936
3.00552
1.31096
1.008
1.12616
0.97608
0.51856
0.1596
0.16744
2.79384
0.06664
2.9736
0.51912
4.02528
3.00104
2.19576
1.60608
0.73976
1.708
0.49672
4.21176
0.7252
1.82952
3.59296
1.23144
0.40152
1.43248
1.09704
1.41232
4.35568
2.19968
0.3724
0.59304
1.3412
0.87136
0.26936
3.2928
0.05712
0.3444
0.82264
2.64936
0.4144
2.63312
0.896
0.15288
3.35496
1.01136
0.84952
1.39832
1.344
4.13168
1.09032
0.31976
0.27832
1.49632
0.74032
0.10696
2.43488
1.5932
0.60144
3.08896
1.5456
0.02912
1.26504
0.15792
0.4004
0.33768
0.36344
2.84368
1.74216
1.12224
0.30184
1.25608
1.07968
3.49552
1.88776
1.0416
0.65576
1.2208
0.65688
1.68896
1.97064
2.08656
1.13288
1.51256
0.12936
0.21448
0.71232
2.40744
1.25888
2.20248
1.49744
0.84392
0.7336
0.73528
2.4752
0.83384
2.65664
3.58512
2.60736
0.04312
0.60424
0.12936
0.39088
0.05936
0.54544
1.35352
0.19544
1.85696
3.78056
0.25256
2.43264
0.19376
6.17288
1.69008
0.33656
3.85616
3.7884
1.35744
1.59768
0.14168
0.2996
0.27272
0.53872
0.91616
0.52864
1.56464
0.42504
5.3648
0.8568
1.47952
1.39328
0.89208
0.84672
0.07336
0.42504
0.60424
0.07
0.57008
0.35448
1.26168
1.5568
0.60536
1.09312
0.76608
6.88184
0.27104
0.252
3.18248
1.33056
0.00168
0.77784
1.0024
6.9496
0.23016
1.17712
0.21504
0.62608
0.40432
1.00464
0.04312
0.12936
0.476
0.14112
0.44464
2.408
0.05488
1.42968
2.19464
1.4896
1.1032
1.83232
1.81664
0.20608
1.57136
1.80712
2.66224
1.2516
0.85344
0.34384
0.0028
0.40768
0.02632
0.67704
3.19424
5.94272
3.31576
0.18144
2.4556
0.62552
1.3748
1.66936
0.54544
0.64904
0.4452
2.60064
0.22792
1.20736
0.41216
0.13944
2.60624
2.48192
0.06104
0.82712
2.1476
4.05552
1.44648
1.20008
0.3892
0.19824
1.3608
3.63328
0.1568
0.49
0.48552
0.24976
0.26768
3.55656
1.18104
1.63184
0.99512
0.73024
0.87472
0.44744
0.77616
1.01584
2.59952
0.3052
0.10808
0.91224
1.01696
3.15392
0.4872
2.92768
0.18032
2.27248
0.03472
1.9404
1.26504
0.99288
0.75376
1.86088
1.83736
0.54992
0.09688
0.86856
5.77976
1.47056
0.95424
8.38656
0.72352
1.11832
1.05504
0.1876
0.53592
0.03808
1.33056
0.11872
3.28272
0.89656
0.00504
0.40936
0.32592
3.7576
0.01736
0.00728
0.7168
0.24808
0.8008
3.66072
0.64792
1.02592
0.06888
3.07552
0.00672
0.34888
4.2224
1.91912
0.83608
0.01736
1.26896
2.60288
3.18248
3.16848
3.26872
2.93216
0.58744
0.11312
5.572
3.53248
1.34512
0.33096
3.04136
0.86408
3.82816
0.18592
0.6832
0.39928
0.22344
1.1816
0.01848
0.50848
3.67528
0.5096
2.91928
1.6044
0.10976
1.31096
4.1524
5.37768
0.322
1.4644
3.26032
1.32832
0.20944
5.45944
0.19656
1.00968
0.28728
0.21392
0.6804
1.48792
0.43344
0.19432
1.55008
0.60816
0.05208
0.69608
1.03208
0.5544
0.78624
0.09464
0.24248
0.02352
0.05768
0.43736
0.68152
1.39328
0.29344
1.57752
0.4536
0.87864
1.36248
0.13776
3.1024
0.38696
0.23688
0.0616
0.9912
1.68224
0.13048
1.9404
0.11424
1.5568
1.93872
0.99008
4.84512
0.37856
0.02464
0.0028
1.40728
1.39272
0.35616
0.55832
2.4808
0.87136
2.11848
0.37072
1.75896
3.40536
0.93912
0.31192
0.47544
1.80488
2.71432
2.93832
0.59752
0.24024
0.72016
2.83136
0.10864
0.0336
2.39456
1.51256
0.98
1.72816
1.01864
2.51496
1.08696
7.85624
6.10568
1.8564
0.9716
1.28912
0.93912
0.80024
2.31784
0.72128
0.24752
0.51632
2.03728
1.1312
1.49352
1.09872
2.33856
0.01456
4.1104
3.5728
0.60536
0.92064
0.18256
0.96712
2.88456
0.43064
1.63352
0.756
0.57512
0.94304
2.63312
0.78344
1.5428
1.55176
1.84464
1.19392
1.06624
1.73992
2.50768
0.47208
3.0268
2.34024
1.99976
2.91592
1.63968
0.54656
1.3468
3.88248
2.27136
0.72184
6.74296
0.1148
2.2008
0.25256
0.21616
1.18328
2.89632
0.74592
0.11312
0.33656
0.5712
0.69552
0.64904
0.65912
1.3468
1.02536
0.38136
3.01728
1.74832
0.18088
0.7196
0.87192
2.35536
1.4364
0.63672
0.32088
1.60776
6.96528
0.00448
6.94456
0.01176
5.16432
0.56224
1.17432
0.59808
4.14176
2.22432
0.40656
0.16464
2.80224
0.92064
0.23128
1.42856
1.31488
0.74928
0.00728
0.84
2.1672
2.9932
0.67816
5.22592
0.35896
1.14464
1.9908
0.64288
0.3472
1.23816
1.70184
0.97328
5.06184
0.78848
2.81568
0.91168
5.24888
0.55104
0.84224
0.83328
1.43696
0.10416
0.10584
0.37856
0.28952
0.01344
4.05776
0.3948
0.64288
3.83432
0.67984
1.0836
0.94416
0.24248
0.882
0.28616
1.13568
0.25816
2.11064
0.56784
4.8104
0.66752
1.94712
0.12376
5.13072
3.09232
1.12
3.76656
0.1848
1.0192
0.11816
0.2688
2.01544
0.94696
0.57456
0.29624
1.3244
1.24768
0.88592
0.88144
0.51016
1.14184
0.55104
0.08568
0.60704
0.70672
0.00672
1.32496
3.44792
2.0776
0.87528
1.99528
1.01304
0.8792
3.49496
3.5644
3.05088
3.5056
1.87824
0.18088
0.62328
1.55904
0.58744
2.26184
0.098
1.22976
0.13888
1.15696
0.5544
1.8536
2.33464
2.34192
0.36064
2.13416
1.86144
1.00072
1.53104
7.0308
0.23016
2.65272
0.99232
1.2516
0.10416
2.18848
2.76752
1.22192
0.4676
1.64248
2.0188
0.13048
dv14	force25	site148	[AMP]300
1.32832
1.81328
0.08904
1.03712
0.78736
2.52616
0.93464
0.13608
1.18216
0.03192
0.43064
1.48904
1.02704
0.2828
0.8764
0.88032
2.35872
0.0196
3.17856
4.39208
0.1232
0.14168
2.27752
0.00672
0.7952
2.478
3.29672
0.53312
0.73416
0.29736
1.18496
1.56576
0.50008
0.0924
0.74704
0.67704
5.25056
1.51872
0.14896
0.78344
0.02968
0.79912
0.15232
3.20824
0.0728
0.68152
0.01792
2.73616
0.50792
4.2336
2.39624
2.87112
2.81232
1.42464
0.97048
0.20048
1.28576
0.4676
2.18512
5.89624
0.89656
1.1256
2.13472
2.926
0.16128
0.67816
0.60816
0.08288
1.58424
0.882
0.49336
0.89992
0.11144
0.83552
0.43568
0.96544
2.0244
0.18984
0.0336
1.8228
0.95256
0.00952
0.25984
0.82432
1.57752
0.47768
1.71024
1.21968
0.21504
0.23968
0.61992
0.23464
4.42176
0.74704
0.0112
0.55104
0.2968
0.54376
1.1704
1.08696
0.4676
0.71344
0.00448
3.55264
0.62944
0.38864
0.5012
0.90944
0.33208
0.61768
0.58184
2.50152
4.95264
0.47208
1.58144
0.23856
1.25048
0.1232
0.57232
0.406
0.90944
0.25928
1.43808
0.04312
0.6608
0.02016
0.12656
1.02592
0.3024
0.34608
0.2408
0.15456
0.37912
1.0052
0.87752
1.11216
0.1876
6.81632
1.6912
0.24248
0.92008
0.06552
0.08232
0.08904
1.43248
0.36624
0.252
0.50512
0.7336
1.96504
0.2044
0.5656
1.20064
0.51072
0.57512
0.79296
0.00224
0.48104
0.12992
0.39648
0.11368
0.03528
1.90344
0.27216
0.64512
2.86832
0.62832
1.526
2.64712
0.14952
4.77176
1.15752
0.3052
3.22504
0.47768
2.954
0.63224
1.55176
0.01456
0.21224
0.74592
0.0196
0.23352
1.92416
1.46328
4.43072
1.03544
2.0916
0.48496
2.31784
0.11704
0.21616
0.13944
2.66448
0.00504
1.29024
0.02184
1.14688
0.03248
2.3716
0.42672
0.03192
1.7752
0.11088
0.21392
0.34888
0.7448
0.07112
0.83776
0.3892
0.95648
0.23408
0.42112
1.26952
0.05656
1.61224
4.18208
0.23688
0.02184
1.51872
0.74312
1.45208
0.14896
0.00616
0.87696
0.81256
0.05152
0.00336
1.1732
4.16864
0.8064
1.44704
0.20216
1.01416
1.2068
1.4392
0.4144
1.59992
2.92488
0.02744
0.53536
0.55888
0.19544
1.12616
2.05968
0.01736
0.47936
0.24136
0.56448
1.62456
1.00184
0.37128
8.3384
4.24648
4.22912
2.41024
1.4588
1.07632
0.66752
1.38936
1.00128
0.60088
0.80248
2.55192
1.83904
0.54096
0.06944
2.24224
1.05168
0.67984
0.38024
1.89784
0.22008
0.30744
2.07088
4.51192
1.0808
0.0084
0.69664
3.41096
2.00144
0.47376
1.5988
0.31416
1.50976
4.39208
0.12656
1.6128
0.10584
1.09424
0.17752
0.25648
0.90888
0.28784
2.12408
1.1116
2.29432
0.65016
0.19488
0.01456
0.99344
1.17936
0.95032
0.06608
0.8288
0.0028
1.12
1.02984
0.19152
0.02296
0.29344
1.22584
0.52528
1.97624
0.9128
0.08512
0.63168
1.48624
0.66248
1.46664
0.32424
1.1956
0.03976
0.83664
1.45544
0.34944
0.56
1.35408
1.1816
0.91784
1.04104
0.63112
2.15488
0.15064
0.88648
4.56736
0.27328
1.554
2.63256
0.86408
1.33784
1.97624
3.0408
1.3608
0.168
1.01136
0.02744
0.01624
1.09648
2.464
0.77224
0.71456
0.26152
0.47544
2.0384
0.4788
1.13736
0.6664
0.83272
1.04664
0.02968
0.39424
1.31768
0.54712
0.4424
0.28952
0.01456
0.07728
4.06504
0.78008
0.81648
0.20272
0.74088
2.0636
1.1844
1.11216
0.70112
1.69624
0.02128
2.9764
0.56392
3.36672
1.38432
0.13384
0.60704
0.61824
0.3528
2.28368
1.92976
0.62664
0.71792
0.34272
1.38712
0.41104
0.94976
0.25984
0.80248
0.38024
0.42224
0.10864
0.68264
0.04536
4.144
0.196
0.5348
1.68896
0.10304
6.52456
0.04536
5.16544
0.74592
2.93944
0.7336
0.48496
0.05264
2.15432
1.16816
2.4248
0.38696
0.45192
1.27736
0.0252
1.24544
0.35
0.0196
0.22624
0.05712
0.58296
0.03024
0.42952
3.60472
0.4032
0.4816
0.14392
4.71296
0.32312
1.092
3.11416
0.02016
2.41752
0.18256
3.48488
0.59696
2.01712
0.97888
1.12896
1.41736
1.6352
1.99472
2.54912
0.55048
0.69832
0.0588
0.40152
1.11888
0.2436
0.16184
2.66448
1.31936
0.00952
0.93688
0.72016
1.06848
2.08488
1.60944
0.15904
1.08976
1.80376
0.26096
0.27272
1.88328
0.49728
0.03416
1.94936
0.3976
0.1176
0.52528
0.56504
1.35912
1.24376
0.19376
2.51048
0.02072
3.12592
0.3388
1.01528
2.5704
0.11536
0.9968
0.1456
0.13384
1.63072
0.71456
0.21784
2.57712
1.1788
0.28784
0.82824
2.10224
1.93592
0.4872
1.9544
0.34272
0.37464
0.46032
1.0388
0.7756
0.87248
2.18512
0.31304
0.47712
3.89032
0.4676
1.03768
0.26152
7.39032
1.76176
1.88552
4.42288
0.5404
0.02296
0.04144
0.82992
0.42
0.30184
0.03136
0.20552
0.32088
1.39888
1.14968
0.48384
2.26016
0.05152
0.22792
1.14744
0.05432
0.0364
0.9744
0.252
0.07336
0.69216
0.2772
1.28352
1.568
0.04312
0.12712
0.46088
0.24528
2.44552
0.80808
1.2404
0.70112
1.01136
1.876
0.4172
0.93128
0.18312
0.0392
2.04792
1.8088
1.03432
0.02072
0.6664
0.46424
2.5256
0.39928
1.52992
0.98392
0.20216
1.23536
0.10976
1.14464
7.154
0.38528
0.31584
0.29736
1.7584
0.28728
2.39848
0.75432
0.19488
0.25088
0.03024
0.0056
0.00168
0.04592
0.01792
0.04088
0.46872
2.03504
1.23984
0.56056
1.67496
4.53208
3.49552
0.94248
1.10376
1.78976
0.49504
0.58744
1.4028
1.51984
0.09576
3.22224
0.7196
0.18704
0.38416
1.54392
2.39848
4.06896
0.63896
0.07224
0.15456
0.76048
1.19504
0.01512
0.02576
1.35744
0.0308
1.70184
0.17696
4.59648
1.35856
0.00224
1.89784
1.28464
3.9508
0.13552
0.1232
2.20808
0.34776
1.10544
0.00504
1.92584
2.8868
2.20472
0.60256
0.4788
2.3632
0.02016
0.82936
0.12096
0.59584
0.01624
1.19224
0.15624
0.72912
0.09688
0.17024
1.2992
0.49616
0.35784
0.66192
3.3348
2.04288
0.96208
0.47992
0.47264
0.70336
2.11848
0.14392
0.31192
1.41512
0.84672
0.15512
1.7444
1.31712
1.54392
0.07728
0.62664
1.52264
0.14504
0.44632
0.01064
4.37248
2.53344
1.3188
0.11816
1.25776
0.48272
0.44632
0.37912
1.31264
4.76224
0.224
0.62608
1.302
0.224
0.8568
0.11032
0.07728
0.3612
0.00616
0.45808
1.13008
1.49072
2.36096
0.21616
0.7952
1.38656
0.56616
2.32848
2.18456
1.29808
0.50232
1.60832
0.7784
0.73864
0.00616
2.77928
0.18928
0.42224
1.51592
0.11648
2.39792
1.19056
0.58016
1.27288
0.2856
0.99232
0.09856
2.93216
0.81592
1.23984
0.04368
0.8708
0.4872
1.93368
2.15264
0.17304
0.93408
0.04816
0.32144
2.3268
0.10584
0.73976
0.00784
1.19112
2.18848
0.68096
0.56056
2.04736
0.14336
1.24208
0.20104
1.39496
0.62384
0.42952
3.32136
0.44184
1.3496
0.35728
1.27232
0.32592
0.62888
0.73136
1.38824
0.05208
1.08192
0.46928
0.21616
1.02704
0.93408
0.17808
5.0288
0.31864
0.84728
3.22392
0.31136
1.56912
1.35128
0.08176
0.17136
0.72576
1.37984
0.73472
0.00896
3.08448
0.03472
0.44464
1.72816
0.78624
0.19096
0.03472
1.66488
0.3612
3.59408
4.58248
0.86688
0.29848
0.90384
0.05096
0.94472
0.35672
0.12264
0.23688
0.85456
0.028
1.74272
1.18384
3.18472
1.69176
1.76232
0.01792
0.1344
0.14448
0.01232
0.64904
0.86296
0.00784
0.18984
1.29976
2.01264
0.52024
0.45976
1.12896
0.8372
1.60888
0.29904
0.7784
0.77728
0.11536
0.38808
1.64416
1.89112
3.29672
1.10264
2.77256
0.9156
1.51144
0.06216
1.18272
0.85008
1.1732
0.11872
3.86064
1.74048
0.00728
2.3576
1.7024
3.98272
4.11992
0.10416
4.57072
0.994
1.27736
0.26208
0.38024
1.37424
3.7884
0.46088
0.82768
1.34456
2.49312
0.55944
0.45304
0.06272
0.79632
0.21
0.59248
2.48864
0.4676
1.386
1.18944
0.26656
1.41792
0.1512
0.02464
0.11424
1.24992
3.7296
0.28112
1.85976
0.78568
0.32984
0.61208
0.05376
0.13384
0.11928
0.26768
0.82376
2.03224
0.23296
0.02408
0.80472
0.41608
0.8848
1.36864
0.02912
0.2912
1.24656
1.10824
0.42672
0.3192
0.80192
4.75272
5.54848
0.86744
1.01808
0.32368
2.66336
1.26616
0.53536
2.41472
0.322
0.056
3.79456
0.7924
2.16496
0.65072
3.68648
0.21616
1.12224
0.01624
0.34832
0.9912
0.57344
0.29792
0.0756
0.39648
0.59304
0.1316
0.41384
0.09072
0.60256
0.53816
1.40672
3.01896
1.58368
0.82824
1.7752
2.856
3.8696
0.01624
1.2376
0.37912
0.88592
0.99176
0.94752
0.32872
0.97552
0.50848
2.57992
1.21128
0.27384
0.64848
1.01752
0.46704
0.92344
1.974
0.27048
0.1596
1.24208
0.51688
1.61168
0.15232
1.24152
0.69944
0.48048
2.002
0.98112
1.6968
0.93352
4.96664
0.03528
0.54208
0.86408
1.38208
0.04312
0.5796
0.94024
2.36992
1.32552
0.04256
0.04592
1.064
0.8316
1.27792
3.4832
0.91616
0.54992
0.07392
1.78528
3.486
2.80504
1.18664
0.48328
0.80528
0.59864
0.00728
1.6072
0.46368
3.82256
0.89096
0.17976
0.27048
2.9344
1.11496
0.13664
0.76832
3.02176
1.17152
0.52472
0.70448
4.11656
0.51632
5.4712
2.88232
0.06496
0.0308
0.04648
1.00296
0.43512
1.25328
0.06552
0.09296
0.0084
2.002
1.02312
1.15024
3.21104
0.34552
2.47464
1.63688
0.04256
0.08064
0.80752
3.8612
0.77056
0.96824
0.12152
1.0864
1.07464
1.5792
0.3612
1.38656
1.22304
1.65648
4.02584
0.02968
0.0196
3.63832
0.07448
0.014
0.38304
1.8788
0.63504
0.79912
2.32176
2.18008
0.05992
0.86296
0.33712
0.12824
1.03768
0.64792
1.414
1.3664
0.55664
1.39944
1.09536
0.1176
1.00576
2.478
2.68128
1.9012
1.05448
0.25984
0.32984
1.6772
0.95424
0.2016
0.34832
1.50696
0.23576
0.2072
0.40096
3.1976
0.80416
3.18304
0.9828
0.01008
0.75208
1.60328
0.59248
0.4956
1.66376
0.392
0.06328
2.18232
0.6356
0.92344
0.75656
0.74704
0.07168
0.448
1.72592
0.01568
6.1348
0.13328
0.68656
0.25928
0.07392
0.20328
2.76528
0.18536
1.95608
1.56296
0.7952
2.8952
0.17416
1.27512
1.1508
0.20272
1.99248
0.79352
0.98
0.0364
2.51944
3.35664
3.50448
0.94024
1.20848
0.2044
0.58352
0.20272
0.48384
0.39648
0.33992
0.5656
1.53104
0.40992
3.67808
0.26656
2.1756
1.91912
1.56632
0.90664
1.01528
1.84856
2.02888
0.15064
1.31096
0.54264
0.43176
0.0364
0.0084
0.12656
0.4956
0.63672
4.25264
1.06456
0.01792
0.67816
0.3864
0.04592
0.38136
0.48776
1.7472
2.02216
1.13344
0.00168
0.52248
0.01064
1.87432
1.49856
0.09072
0.3276
0.13496
0.17192
0.6356
0.19656
0.08064
0.04144
0.29456
0.50008
4.56064
1.14576
2.22376
0.66192
0.168
1.20512
1.24656
0.0644
0.36008
3.67752
0.49112
0.54712
1.06792
0.60256
1.83288
1.27792
0.11928
0.41552
1.02088
0.99344
1.79312
4.82048
0.43456
0.12264
0.01848
0.3696
0.56672
1.18104
0.61824
1.21184
0.19096
1.8312
2.5508
1.84016
1.45824
0.73136
0.11032
0.15512
0.36904
0.89544
0.87696
0.95032
0.24752
0.11312
0.2688
0.45416
1.1452
0.5292
0.1288
0.60256
2.65048
2.34136
dv14	force0	site148	[AMP]3000
8.76624
10.37176
9.41976
2.51608
1.5204
12.41856
0.58688
3.6624
7.07056
25.3708
8.23368
6.05528
4.2168
37.91592
1.77856
24.01896
6.8796
3.62376
2.59112
18.52144
5.94776
40.7344
7.71512
52.56664
12.17272
9.56816
0.58744
17.25024
6.73568
8.62176
5.28248
7.66752
10.87464
6.28432
11.0712
11.24088
11.5388
5.43648
5.90408
2.18064
11.9224
5.29088
77.15008
25.20504
23.42424
6.75472
1.16928
9.00032
20.70488
0.3584
31.528
7.01288
25.86024
30.5172
28.15288
0.21168
4.04096
14.7784
6.71048
1.8872
0.88424
9.28088
6.88968
3.29784
20.49936
15.2152
27.92328
0.7868
12.66496
5.67112
4.20336
4.30304
0.89432
20.7312
3.04248
5.60168
13.20872
20.87568
5.68512
0.91336
0.966
8.70128
4.99632
0.83664
3.24576
33.14304
1.75728
0.53704
9.29768
2.51944
3.52128
7.98952
22.12
20.94288
3.66688
10.68536
0.966
7.47936
1.84128
1.48344
9.05576
29.86648
16.91704
1.72872
28.7084
9.39344
6.35656
1.4952
9.61296
13.68192
7.39592
12.70248
2.63648
13.76144
1.88384
18.84904
5.9892
33.81896
15.0332
7.168
4.60432
7.6132
5.49864
27.47472
1.71024
5.84136
2.01488
32.94648
6.89024
3.75928
18.22912
13.65728
23.19968
19.0792
4.46432
0.63672
29.4476
3.14552
32.9392
10.81864
17.99112
dv14	force5	site148	[AMP]3000
3.35048
4.83168
2.69472
2.95232
8.11608
12.19736
18.19944
2.50712
14.48272
4.16472
6.6472
0.62272
1.08304
6.87624
3.09176
1.70912
1.6156
1.02424
8.51536
5.08928
6.56712
6.83536
2.02384
10.96648
1.36304
2.394
5.6336
17.50448
0.71624
0.99456
12.8184
13.99496
10.40704
3.38464
13.96472
15.9908
3.38016
1.64248
3.3376
11.46824
3.88472
17.04248
2.91144
18.92016
4.9448
1.49968
1.08864
26.48968
0.52416
2.3324
14.01736
16.52896
1.80544
5.74448
22.75672
1.07352
0.70672
1.31712
16.04904
7.70112
29.27288
11.22688
10.23848
27.01496
9.50824
8.47952
3.98384
5.54232
0.36232
3.66016
22.24824
1.6632
20.49824
3.86848
0.6664
10.04696
4.68048
10.024
10.91328
1.47
3.29
11.67544
8.73544
8.08864
0.97496
22.52432
15.68448
42.33264
16.88624
22.31544
1.08584
41.41312
6.62032
1.31488
14.98224
0.04536
4.64184
7.34608
1.65088
29.51704
5.0092
11.96608
0.70112
9.82912
3.64672
8.30648
10.98552
0.02016
5.936
2.5368
8.84688
9.0524
18.70064
5.97072
2.08096
4.50464
11.6368
5.17552
1.21688
6.8012
2.64544
6.82472
2.1868
21.56168
14.77672
3.79176
1.30704
12.34184
4.89216
17.20992
10.10352
10.11528
1.736
0.9856
3.29056
0.49
6.0816
14.54712
3.38352
5.1352
1.5064
14.19152
18.96272
16.19464
7.31248
6.65728
2.05352
1.02368
8.38936
0.89936
9.24728
10.23848
5.39952
2.91648
0.7476
37.82296
1.6912
2.04792
3.03576
11.94984
1.55008
12.96736
15.8312
8.78024
26.43536
1.5372
10.83768
1.17712
5.07192
35.20608
0.26152
14.44184
12.95616
2.57824
9.44384
29.33728
17.68368
3.9088
14.53704
0.36008
24.18976
25.34224
8.29864
2.54744
1.148
25.97
4.71576
4.60656
6.2244
6.11632
3.48152
0.07392
0.38976
dv14	force10	site148	[AMP]3000
14.71176
15.56968
12.6616
1.98408
13.22496
2.6404
14.03192
0.96992
0.32648
24.40816
3.7884
0.88144
0.07672
6.88184
3.29728
2.30888
7.35224
11.5136
12.3088
3.122
4.40496
0.62776
0.0364
2.76248
2.0412
2.49424
12.3676
2.68576
6.90984
12.3284
0.04088
10.9704
6.3672
6.87792
1.55288
2.64656
11.80704
0.99344
8.23032
4.84568
0.56784
23.9204
4.78408
2.89576
23.70144
23.06248
1.62624
5.26568
18.40048
0.47712
18.23304
7.94584
1.77856
10.58848
5.95616
18.2476
5.77136
9.5536
4.88264
12.70976
2.62864
33.66832
10.53976
0.30464
14.17248
12.66944
20.52232
3.8192
12.89624
18.58416
4.45592
0.94024
6.83312
4.8692
11.92016
7.07056
5.81672
19.51264
3.21944
7.25536
6.97816
0.07504
4.08464
12.92704
6.07152
10.11864
16.2988
11.60656
19.70752
5.2528
0.7308
4.08296
9.4976
14.06552
13.79784
0.58688
7.52472
17.83264
4.76784
1.7808
7.8988
0.45136
6.1824
42.57344
15.35912
13.90872
2.58664
8.61672
7.74928
7.57456
19.84976
10.87744
3.66688
7.46144
6.20424
0.67984
16.42368
3.28216
6.4036
23.82968
6.65
22.73992
2.39288
0.45472
3.34992
1.5008
4.29352
0.69104
15.55456
5.60728
1.59376
5.18672
4.00848
8.02088
13.14992
2.6432
2.11568
8.9768
12.54176
15.04104
10.9872
9.44048
4.56232
4.26384
21.85232
30.58608
7.78064
21.80248
11.04824
26.31608
5.58152
7.37072
1.4448
6.91992
7.1932
19.6756
4.50856
13.41872
9.98088
9.65664
0.68488
12.13912
13.22048
11.86976
5.11616
11.78744
4.87648
12.28304
39.12776
5.72824
0.65128
3.90768
11.37472
9.40072
1.65312
1.23816
15.40728
7.11704
1.75
2.25288
9.8924
2.0132
1.18104
10.83432
13.28936
2.07312
13.85664
3.32472
17.51232
16.37328
4.676
12.57704
0.23576
dv14	force15	site148	[AMP]3000
10.51064
3.85896
0.91336
6.97648
13.51112
3.30288
5.14864
3.23624
21.30408
0.55608
8.86928
1.7584
0.17192
1.64976
27.59848
3.30008
16.41752
0.46424
11.4688
3.89032
16.28816
0.2436
8.49912
0.21672
1.59264
5.9052
10.45632
6.06032
7.82992
29.81944
4.13672
10.68032
5.47064
0.49728
0.08456
8.62288
4.46768
24.9676
3.28272
2.0804
1.45656
12.47792
35.51128
41.8656
14.98784
17.0688
4.95768
2.09216
8.55176
5.21416
4.29744
6.89248
1.59992
11.844
3.15448
3.2816
2.03784
1.1592
6.76312
0.30408
1.15528
2.51216
25.83448
5.5776
0.05936
9.72552
23.6796
12.00976
25.57632
10.14832
10.47648
5.09208
10.18808
11.0292
9.84424
5.63584
19.28752
6.9916
21.88648
9.89632
1.37312
2.0272
7.70448
13.0256
1.48848
3.10576
14.88536
1.54448
19.70024
4.85632
14.8456
15.4448
7.93912
1.89224
18.71016
1.55904
9.2624
7.94864
4.78968
0.39984
2.25904
2.62864
2.61128
7.59304
7.28056
9.97136
6.16896
17.61536
14.238
1.8872
6.1544
1.00296
12.82848
10.48152
1.70072
0.41104
9.22992
3.17464
1.18552
0.056
0.68264
12.35864
7.74256
2.89856
8.12672
3.26424
28.3976
18.11152
1.01752
6.57384
5.3928
11.37192
3.4216
26.47344
5.25672
4.40664
1.57696
3.45968
8.5316
2.84256
11.15912
13.258
0.8008
4.58696
47.68736
0.59976
23.08936
2.26296
5.59048
0.322
4.38032
0.02352
8.86424
2.08936
6.44112
16.15376
4.95768
12.08704
6.23224
26.9304
7.01568
1.2236
12.9948
3.34208
7.78064
11.95264
38.9088
5.50872
3.22728
0.44912
5.34184
30.19016
0.04144
8.93368
1.59712
2.38448
16.8728
11.25936
0.42952
4.69672
1.67328
1.81216
6.53912
9.14144
2.06808
6.34648
3.28496
3.37064
16.8728
3.54648
5.12848
8.43136
11.4044
12.81224
21.88256
7.31304
5.10496
0.73976
8.44872
0.042
8.36136
4.27112
5.73664
11.33104
0.6608
2.10504
0.2464
13.73456
12.45384
19.61176
1.19952
8.09424
8.09592
14.45248
2.33688
1.09424
5.26848
4.95656
8.3608
dv14	force20	site148	[AMP]3000
3.27152
4.92744
21.05432
6.64664
8.83736
2.28928
2.7496
6.24288
3.78616
0.8344
22.81888
11.66368
4.16416
0.83608
0.76216
15.82952
5.07192
26.32168
4.51808
0.2716
2.3464
0.46816
37.24392
1.17096
14.1876
1.38264
20.55256
2.19744
2.29544
2.01768
26.31216
1.06176
3.60976
0.04592
1.56744
15.85864
24.682
14.47936
0.23128
1.81216
3.5392
1.56128
1.15136
10.15
5.04616
1.9824
19.37488
5.87776
4.07008
0.02912
0.78064
3.26592
0.73192
2.2792
7.64176
5.404
1.10488
10.18248
2.94728
7.8736
2.61632
1.50528
10.3348
2.9512
2.40128
17.48824
0.41944
0.9464
1.08024
6.216
0.99344
1.0248
3.7912
22.41568
1.51872
14.07392
10.0156
1.83624
13.7088
5.52384
1.65648
5.59496
5.50256
6.39408
1.29416
6.0508
1.30704
4.4268
2.0636
1.47056
5.628
0.19824
7.26432
6.9944
4.6172
4.354
17.35888
4.004
5.87272
0.19712
8.274
3.9648
3.18472
1.59992
3.61704
0.72352
1.22136
0.0168
15.9404
5.31664
7.56112
2.81904
10.0856
1.8508
0.12656
27.35208
2.20864
2.9792
8.48792
2.96072
5.12176
2.16608
6.40136
2.11624
39.07624
2.75408
4.03872
6.60464
1.50192
2.2792
2.98144
4.71912
8.82392
39.42064
10.71336
5.06744
0.0868
7.66584
3.60024
0.33824
1.58144
2.33688
9.24224
1.89392
0.7672
3.11192
0.88928
2.1476
2.01544
12.57256
3.17744
5.89904
7.9884
9.8028
1.42296
6.67576
0.95256
3.72792
11.40328
1.14352
1.98856
1.0752
1.73264
3.31744
0.77224
1.72592
3.72512
17.29
0.17024
1.47112
3.79904
0.43848
0.5712
8.01304
3.36952
1.06456
10.16232
37.22712
2.07032
2.982
0.51128
1.23144
2.06864
1.52656
0.52584
0.12544
2.13136
0.0196
0.31808
15.8788
12.76296
18.03648
7.60872
1.06904
3.75536
6.08328
7.9912
3.09344
7.92736
27.11352
7.10696
3.248
11.89104
0.05096
3.73184
1.72088
10.00552
0.99288
4.06112
14.76776
0.38584
1.33056
1.9992
6.29384
0.65352
10.29504
12.75904
1.00968
2.55248
0.89208
5.39672
7.94976
17.78672
3.05872
0.36624
8.03768
1.91632
2.14592
6.46576
0.44968
2.83864
6.5856
0.09296
20.21768
1.99192
6.4512
3.25416
5.01312
3.57
1.31488
17.51064
0.14504
8.48568
1.7668
11.63344
2.10392
5.18336
0.37688
0.42168
4.54328
4.49456
33.5216
1.1872
0.5824
4.77288
0.04872
1.63072
7.04032
0.47544
6.54808
0.37128
0.00784
1.09704
0.65464
28.77896
10.72344
6.09896
8.99976
5.84696
7.05208
17.63832
9.8784
0.0672
10.3628
4.26832
5.02824
2.42256
1.38544
5.77808
3.70552
1.30984
3.51904
16.12632
8.74776
15.07856
21.71064
5.93768
10.80856
1.54672
1.4112
2.35592
21.16184
3.2312
10.94016
2.5592
5.50928
1.38488
13.4456
dv14	force25	site148	[AMP]3000
16.21928
6.91488
1.064
4.25712
0.00952
2.8028
27.61752
1.2376
10.73352
1.25216
4.16304
3.71896
3.07272
0.51408
7.99232
0.47768
7.88144
0.71008
8.88776
5.60056
2.7132
10.3768
3.60472
1.008
1.60888
6.94736
9.47576
1.3076
2.20976
2.30272
15.37144
8.35688
6.16728
8.13624
2.87504
21.54992
0.2492
5.84192
6.88464
5.42472
4.99128
5.72824
0.56672
4.70848
4.72864
1.41456
7.79296
9.1084
2.2568
4.72416
4.46376
4.38928
4.5696
9.92432
0.57736
1.7416
4.606
3.668
7.38696
0.72296
1.07912
0.0084
4.4156
1.4252
2.05128
3.16064
11.51024
3.25024
1.932
1.25104
7.54376
8.9908
0.59416
0.18312
0.9744
2.63984
10.0548
0.0952
10.50952
0.15624
3.03128
1.81832
0.73472
2.74904
4.55112
7.54264
0.38864
0.68992
11.54664
0.00168
8.0304
4.67376
0.95424
1.86984
10.63944
0.4872
10.1584
4.48784
7.68656
2.05184
1.18552
3.17352
9.6544
7.74256
1.0472
23.37832
2.82576
11.17872
7.61152
15.5036
0.78736
0.74704
2.87112
7.532
17.58064
2.57488
0.9912
14.3724
5.51208
0.27272
0.28672
5.69408
0.11536
1.11664
21.6832
2.14424
0.72688
1.60216
4.67656
0.49056
1.2348
6.81576
13.54808
4.48616
6.59904
7.04704
0.45584
6.90256
1.96504
4.01856
6.3336
6.46072
1.76904
38.78504
0.73192
19.2864
2.61296
3.89312
2.89128
6.944
5.62016
0.71512
3.58344
2.07536
2.4556
11.5976
1.48736
1.87208
5.6336
16.60736
6.62256
4.83952
4.48952
0.364
3.04976
4.5892
2.2064
1.49688
2.64432
2.33576
2.31168
0.09072
2.28424
0.84672
4.36912
2.27248
0.35784
3.32472
1.26672
0.05936
3.52016
0.91448
0.07392
11.99464
4.08016
2.97304
1.44088
14.7224
7.40824
16.48976
10.0408
2.97808
2.69304
6.57496
3.28944
0.49952
3.45856
16.5452
4.29408
0.00112
12.86544
0.08624
8.67328
1.20176
6.07992
1.35856
3.49496
2.15432
0.46424
13.05304
0.03528
14.21896
2.33576
5.768
10.28608
3.66128
1.2824
3.16176
1.18272
1.16424
2.59
6.31568
0.04312
0.50512
6.55536
2.10448
15.28296
0.45248
2.28256
7.70056
6.86392
3.75256
1.34288
0.39872
8.10824
1.7276
19.53056
3.96648
4.55448
6.5772
7.31024
8.23816
5.29424
5.51544
7.868
3.22616
5.236
3.48544
1.56856
4.54272
10.60248
21.20328
8.00408
2.9372
0.10416
2.1336
7.2072
12.11168
7.17304
8.81104
0.92176
7.34664
0.36568
7.1428
3.5672
7.06496
3.1416
2.85152
0.2688
0.39872
0.19432
3.32024
0.33376
4.32656
12.60504
1.51424
6.05416
0.14952
1.58032
3.92784
0.38248
5.69856
0.56504
2.26912
5.02544
1.8844
2.41304
1.09424
2.32792
16.42256
0.03472
11.62336
2.08768
0.0812
5.96456
0.63336
7.25424
3.62208
0.56616
0.91896
1.26728
2.17224
0.19096
33.10384
4.55224
0.6356
3.65344
18.29072
14.68768
4.57408
10.32696
4.4464
1.2012
1.12728
8.88832
5.05064
17.45632
7.65184
1.53832
2.86832
4.2924
10.19648
5.89344
2.13584
1.57584
2.29432
3.50168
2.42144
2.52448
3.13824
9.95288
0.00784
0.93296
5.05792
0.07
7.19264
22.47896
2.66672
3.16064
2.6824
2.05128
1.60328
0.01288
0.13664
3.81192
2.08544
19.69744
1.32664
0.26488
3.25584
3.71504
5.23376
2.42424
2.86776
3.35384
1.25552
22.0276
1.8676
4.6676
4.72024
0.5292
1.148
11.48336
16.23832
0.01904
1.00128
5.3452
11.60656
12.50704
4.32992
3.7548
8.05
5.2024
0.02128
7.55216
