dv14	force0	site148	[AMP]300
0.06496
0.60648
0.61096
0.8316
0.67648
0.09632
0.62272
0.6888
1.6044
0.17808
0.24528
2.29376
0.04312
0.18592
0.08176
0.13944
1.58816
1.51424
0.2604
0.06272
0.19096
0.30744
0.26656
0.322
0.76048
1.55064
0.05264
1.5568
0.01176
0.08232
0.23856
1.09312
0.70896
2.91872
0.07616
1.32888
1.10544
0.02968
1.7024
1.29416
2.02328
0.58632
0.43568
0.11928
0.53368
1.04832
1.24992
0.49168
0.04648
0.21056
1.1312
0.4732
0.49504
0.08736
0.1288
0.05712
0.37968
0.09968
0.10752
0.03808
0.90552
0.62104
0.7924
0.27496
3.12368
0.62832
0.04704
0.1064
1.03936
2.58216
0.07896
1.34176
0.15456
1.05616
0.27888
0.17248
0.66304
1.5204
0.34104
0.04368
0.48832
0.59752
0.66416
1.162
2.10672
0.04816
1.02368
0.896
0.39704
0.59808
2.59728
0.08344
0.2856
0.14952
0.87696
0.6412
0.41104
0.56504
0.29008
1.62512
0.02632
0.0784
1.26784
0.4172
1.56856
0.35224
1.34512
1.8536
0.25312
1.15752
4.6088
0.07336
0.62216
0.02576
1.00576
1.022
1.20064
0.8176
0.05152
0.51184
0.7196
1.10152
1.60328
0.014
0.85232
2.37608
0.65352
1.4084
0.63896
0.36568
0.18984
1.5372
0.48496
0.92288
0.3444
1.38096
0.75096
0.63896
1.43248
1.02256
0.05936
0.03472
0.19376
0.86408
0.32648
0.07672
0.63392
1.96
0.2352
0.0616
0.77
0.0812
2.7916
0.0868
0.56616
1.134
0.53872
2.01208
0.04256
0.25536
0.44016
0.02632
1.22584
1.39496
dv14	force5	site148	[AMP]300
0.1204
1.14296
0.43456
0.91896
1.18272
0.45416
0.504
0.03304
0.34664
0.06552
0.2828
0.14952
2.64152
0.0616
1.59768
0.10752
0.23912
1.40784
0.33096
1.0052
0.2912
0.0504
0.41272
0.25256
0.44184
0.02464
0.2184
0.2464
0.35448
0.1792
0.43064
0.42952
0.05992
0.20776
0.574
0.1904
0.5544
0.21
0.05824
3.06432
0.19992
1.6268
0.62384
0.09856
0.0448
0.04144
0.27384
1.55288
0.1176
1.12112
0.71624
0.69496
0.574
3.31464
0.9996
0.59472
1.5512
0.32648
0.24248
0.60872
1.11608
1.0304
0.29288
2.464
0.31528
0.3332
0.27832
0.55664
0.16072
0.38696
0.4956
1.65312
0.39144
1.7164
0.42112
0.31416
0.56448
0.80528
0.42672
0.02296
0.28672
0.61432
0.5124
0.62888
0.58576
0.9604
0.82208
0.14056
0.1708
0.18312
0.39144
0.09464
0.37576
0.14392
0.28
0.22848
1.52208
1.04776
0.826
0.38192
0.6496
0.7056
0.29288
1.72872
0.11536
0.14224
0.0952
0.21392
0.10528
0.06888
0.99736
0.06384
0.39424
0.28672
1.15472
0.43008
0.08792
0.62944
0.69664
0.05208
0.93296
0.03808
3.17576
0.126
1.78584
0.30128
1.35016
0.69944
0.19656
2.07256
1.88776
0.69552
0.52696
0.02352
1.41288
0.1456
2.77648
0.5628
0.7812
0.1316
0.8176
0.2352
0.41608
0.15792
0.47544
0.4004
2.40296
0.71624
1.0752
1.89392
0.03584
0.11704
1.43864
0.07168
1.08808
0.57904
0.84448
0.23464
0.06608
0.04144
1.97232
0.17864
0.21336
0.05488
0.85904
0.06216
1.74608
0.15568
1.49744
0.41552
0.37464
0.89208
0.40488
0.47376
0.83104
0.73976
0.4648
1.55232
1.61616
0.80976
1.91128
2.4192
0.45024
0.50736
0.17584
0.7952
1.08192
0.77448
0.76384
0.04424
0.6244
1.11384
0.41776
1.14184
0.75656
0.22624
0.80696
0.18648
0.08512
2.0804
0.05264
0.54096
0.47656
0.04704
0.75768
1.554
0.53704
1.14408
0.0644
0.92792
0.53032
0.68152
0.29008
1.12896
0.6216
1.68784
dv14	force10	site148	[AMP]300
0.1624
2.5956
0.04312
0.5908
0.43176
2.49872
1.48344
0.26264
0.90328
0.90048
1.05952
0.0364
2.37272
0.45528
0.4396
0.0448
0.25928
0.52696
3.05256
1.5008
0.0336
0.96376
0.45864
0.57288
0.62608
1.1172
0.44912
0.54488
0.07168
0.32032
0.40096
0.74984
1.3076
0.224
0.13496
0.03472
0.4956
0.10808
0.02352
0.45024
0.29176
0.5292
0.56728
0.20664
0.97608
1.96728
0.39256
1.34232
0.73696
0.03752
0.55944
0.11032
1.4812
0.16576
0.51072
0.04648
0.52472
0.5376
1.2992
2.91648
0.23968
1.88272
0.51968
1.03432
1.33112
0.1372
0.12432
0.40992
0.02296
0.08176
0.13888
0.82544
0.4956
0.74592
0.44744
0.2072
0.3584
0.13888
0.60312
0.322
0.6496
1.93368
0.60144
0.88816
0.2212
0.32144
0.73528
0.65576
0.51352
0.05208
3.80072
0.04424
0.06664
0.50008
1.74832
1.3076
0.26488
0.0672
0.9436
0.53144
0.46256
0.35056
0.28504
0.23184
0.10584
0.43792
0.58464
0.45584
1.008
0.01176
0.6664
0.44856
0.54432
0.5544
0.48608
1.65424
0.74704
0.02968
0.6636
1.01864
0.54824
0.238
1.3412
0.35952
0.81592
0.55608
0.70224
1.65872
0.06944
0.64176
0.83272
0.19432
0.10528
0.06552
0.19208
1.12224
0.09408
1.16704
0.90552
0.23296
0.36456
0.32312
0.52472
1.91856
0.45024
0.20496
0.49056
0.79576
1.0948
0.10024
0.21168
0.27608
0.80584
2.41304
0.55048
0.60704
0.67368
0.2016
0.616
0.15568
0.70952
0.0728
1.19392
0.23072
0.58744
2.25456
0.40712
1.80656
0.51296
0.44184
0.7224
0.77504
0.028
1.05616
0.51632
2.28032
0.20496
1.31712
0.01904
0.03416
1.51536
0.00504
0.3948
0.2296
0.7616
0.3276
1.33728
0.13328
0.6832
1.5792
0.47096
0.49728
0.09576
1.19112
0.64848
0.41328
0.10192
0.4116
0.12824
2.74064
0.42392
0.014
1.01416
1.1368
0.27104
0.10192
3.23848
0.65576
0.85624
0.11984
0.72408
0.31304
0.72184
1.94264
0.5712
0.02184
0.27384
0.17752
0.84168
1.49296
0.41272
0.52472
1.81664
1.0248
0.17752
0.91168
0.97272
1.44648
1.43304
0.5124
1.94432
0.54936
0.62776
0.42952
0.05768
0.44632
2.26352
0.14952
0.81816
dv14	force15	site148	[AMP]300
0.04032
0.71792
0.27608
0.39368
0.45416
0.51408
0.28112
0.378
1.21072
0.2296
0.07056
0.07728
0.7448
0.47264
0.39872
0.70112
0.76328
1.97904
0.50792
0.10752
1.19952
0.3248
0.69384
0.12488
0.05488
3.99336
0.056
0.0196
0.52472
0.57624
0.03192
0.25536
1.16088
0.09632
1.80544
0.37688
0.02464
0.0448
0.11144
0.01792
0.67088
0.43568
0.44576
2.79608
0.16016
0.11536
0.17248
0.51632
0.10584
0.05208
0.31696
0.02632
0.56616
0.24416
0.26824
0.03584
0.0224
0.03136
1.08696
0.182
0.07784
0.04984
0.48608
0.49952
0.0476
1.38488
0.25368
1.24992
1.33336
0.77112
0.2576
0.87696
1.79088
0.28616
0.42336
0.77504
0.20384
1.12784
0.01624
0.04144
1.16368
0.06104
0.15176
0.83944
0.57344
0.84224
0.09352
0.36736
0.52584
0.88256
0.112
0.54096
0.92904
0.4396
0.266
1.23592
0.34384
0.90608
0.04984
0.4228
0.73248
0.72408
0.62944
0.75096
0.24528
0.7476
0.27664
0.31584
0.38976
0.43344
0.56952
0.10304
0.88928
0.014
0.31808
0.42056
0.38864
0.12208
0.13104
0.8372
0.05656
0.05376
0.50848
0.13608
0.32032
0.16856
1.09872
0.72016
0.16072
0.82824
1.23984
0.29904
0.32088
0.03304
0.12152
0.42672
0.06888
0.37016
0.4256
0.46312
0.05992
0.39256
0.08624
0.7672
1.3552
0.76608
0.13384
0.11536
0.4368
0.08904
0.0364
1.43136
0.39984
0.02352
0.60928
0.86296
0.0644
0.38416
0.4368
0.59136
0.10752
0.75208
0.364
0.72408
0.33656
0.41048
0.20048
0.51128
1.17096
0.20496
0.02912
0.30576
2.58048
0.61432
0.73192
0.31696
0.40488
1.16424
0.23184
0.51576
0.07616
0.16408
0.53928
0.77112
0.21504
0.38864
0.1428
0.294
0.3808
0.6692
0.09912
0.86856
0.20216
0.0476
0.50288
0.5488
0.20104
0.4256
0.04704
0.01232
0.31248
0.84112
2.01712
0.02968
0.36624
0.4032
0.30016
0.2548
0.23352
0.23632
0.5264
0.46536
1.1592
0.56896
0.07168
0.38696
0.18984
0.48104
1.37312
2.1224
0.04648
0.62776
1.05616
0.6188
0.14896
0.02968
1.44872
0.58072
0.07448
0.98504
0.14728
0.18088
0.67928
0.75208
0.02072
0.056
0.02744
0.04816
0.03136
0.49784
1.36696
1.09424
1.2152
0.77168
0.27496
0.29568
0.30296
0.882
1.22528
0.18984
0.71792
0.10696
0.11256
0.30632
0.45808
0.41608
0.19656
0.3108
0.14392
0.39088
0.15904
0.20608
0.1596
0.51968
0.378
0.06944
0.25032
1.46552
1.04384
1.26896
0.94248
0.3304
0.84112
0.68768
0.42112
0.27496
0.23016
0.60368
1.04496
0.92176
0.02744
0.07952
0.06328
0.21
1.34624
0.39816
0.0588
0.30744
0.86856
0.94976
0.5348
0.30912
0.63952
0.30912
0.44912
0.67032
0.73864
0.11648
0.714
0.12488
0.25032
0.25088
0.19992
0.14
0.25368
0.53368
2.87224
0.1652
0.02352
1.50976
0.62944
0.14952
0.35896
0.43008
1.03432
0.3724
0.18144
0.01904
1.33952
0.81088
0.2352
0.3668
0.88872
0.05712
0.39144
0.24024
0.18872
0.14952
0.168
0.31136
0.056
0.1316
0.17472
0.22176
0.03136
0.0812
0.3052
1.3356
0.21896
1.302
0.62384
0.2576
0.94696
0.03976
0.21392
0.7028
0.33096
0.16352
0.11144
0.07504
0.42168
1.93592
1.93032
0.98336
0.2828
0.30408
0.05488
0.85232
0.30744
0.7028
0.05264
0.53312
0.25928
0.1204
0.25648
1.12616
0.52808
0.03976
0.01736
0.05712
0.31976
0.05488
0.28336
0.9716
1.03824
0.07224
0.2492
1.6016
dv14	force20	site148	[AMP]300
0.7196
0.62048
1.1844
0.5544
0.0504
0.18256
1.58256
0.07448
0.8764
0.60648
0.75096
0.1036
0.1988
0.62104
0.23968
0.67872
0.02912
0.41664
0.18256
0.52024
1.02592
1.5484
0.34328
1.008
0.06104
0.28056
0.04536
0.12544
0.10528
0.01232
0.43064
0.05824
0.09408
0.59752
0.35392
0.13832
0.90776
0.39872
0.38472
1.05392
0.05152
0.27216
0.8484
0.38248
0.74368
1.87432
0.06048
0.20944
0.72408
0.89488
0.35056
1.90456
0.16968
0.34048
0.0252
0.65632
0.54432
0.0504
0.02408
0.126
0.05824
0.12936
1.2712
0.43456
2.45616
1.01472
0.15512
0.2016
0.3864
0.40824
0.79744
0.14616
0.84448
0.27776
0.61208
0.35392
1.2068
2.03784
0.28728
1.31208
0.49112
0.49056
0.12544
0.18312
0.85064
0.01792
0.3612
0.00952
0.23184
0.68152
0.028
0.01624
0.10864
0.49952
0.62664
0.95648
0.03304
0.02128
0.13776
0.38024
0.22456
0.17248
1.35296
0.60536
0.5012
0.15568
0.91448
0.12376
0.09576
0.24024
0.40656
0.46144
0.61656
0.39704
0.61376
0.66304
0.24192
0.07672
0.45976
0.6076
0.3192
0.97944
0.392
0.05992
0.21056
0.0952
0.14168
0.48888
0.34216
0.4256
0.34104
1.30256
0.06384
0.72856
0.13048
0.01848
0.12824
0.05936
0.126
0.19936
0.3108
0.13832
0.74312
0.75656
0.3472
0.54824
1.05784
0.26488
0.4564
0.31192
0.09632
0.05208
0.06664
1.09928
0.2352
0.0392
0.06608
0.60032
0.2128
0.1596
0.26208
1.14688
0.14112
0.92064
0.31808
0.05208
0.63784
1.12896
0.5824
1.04888
0.48832
0.05376
0.05768
0.17696
0.19936
1.42632
1.08248
0.6496
0.05152
0.36344
0.378
0.46536
1.02088
0.6132
2.83136
0.10192
0.10752
0.52416
0.28672
1.3468
0.17808
0.16464
0.36176
0.0616
1.05168
0.0588
0.4088
2.27696
0.41384
1.23536
0.29288
0.18704
0.05824
0.82264
0.60424
0.1932
0.41384
1.38376
1.92248
0.29848
0.57736
1.84072
0.4676
0.4284
0.826
0.09184
0.49168
0.09128
0.47712
0.67032
0.53592
0.18928
0.38304
0.05824
0.68656
1.05728
0.59864
1.25104
0.5992
0.46312
0.47712
0.0476
0.2408
0.11032
0.14224
0.55888
0.36736
0.1456
0.39144
0.65856
0.0252
0.25648
0.77168
0.12376
0.43792
0.31976
0.4368
0.26544
0.43232
0.27832
0.23688
0.28728
1.12896
0.74872
0.32648
0.16744
0.26936
1.04104
0.7672
0.3248
0.56784
0.08064
0.06888
0.43792
0.56392
1.21464
0.2828
0.57288
0.18368
0.8204
0.55216
0.23128
0.02184
0.02296
0.72128
0.43456
2.37776
0.35448
0.58688
1.008
0.28784
0.09632
0.36176
0.17024
1.04608
0.46648
0.02016
0.06888
0.19936
0.27496
0.11592
0.15064
0.77168
0.056
0.14056
1.30256
0.21112
0.3136
0.72912
0.97664
0.35112
0.24584
0.20216
0.35
1.484
0.57344
0.15232
0.2436
0.18648
1.72312
0.22064
0.0336
0.47208
1.19504
0.25088
0.09912
0.07056
0.06272
0.23072
0.5012
0.15792
0.04256
1.11552
1.1284
0.05824
0.03192
0.18144
0.10304
0.78008
0.74256
0.13104
0.05712
0.2268
0.41384
1.4056
0.2912
0.22792
0.11144
0.1036
0.6496
0.45248
0.15176
2.01432
0.2156
0.47992
0.45416
0.34832
0.924
0.09968
0.29456
0.1316
1.34792
0.64232
0.2548
0.77168
0.10024
1.0416
1.41176
0.43904
0.42448
0.06664
0.25928
0.60536
0.09016
1.12672
0.08624
0.09016
0.91336
0.38248
0.04928
0.71288
0.47824
0.45808
0.12936
0.95592
0.3668
0.0392
0.04256
2.52728
0.22176
1.63408
0.59808
2.19912
0.34048
0.92512
1.06736
0.5292
0.04928
0.7784
0.13216
0.1988
1.0948
0.45808
0.75656
0.4648
0.17136
0.42728
0.1736
0.3136
0.16688
0.06832
0.0784
0.31024
0.11032
0.66752
0.03472
0.0448
0.07448
0.02408
0.6244
0.55664
0.43064
0.02296
0.0392
1.28296
0.31976
0.31472
1.3552
0.5628
0.16968
0.02408
0.30856
0.1204
0.34496
0.69104
0.03584
0.04592
0.0364
0.12544
0.17248
1.06848
0.18256
0.03024
1.68728
2.07312
0.78904
1.55232
0.07504
0.81256
0.60648
0.13608
0.53368
1.0808
1.65256
0.18704
1.97792
0.16744
2.32568
0.0252
0.27104
0.30072
0.0112
0.3276
0.83384
0.36568
1.01304
0.89712
0.04984
0.48048
0.74032
0.97048
0.62608
0.17528
0.10584
0.21952
0.4144
0.13832
1.09424
0.29456
1.11944
1.09312
0.44464
1.06344
0.19488
0.2128
0.30968
0.06944
0.17696
1.1312
0.23576
0.04144
0.0756
0.29008
0.29848
0.03864
0.08792
0.02352
0.62608
1.22752
0.04816
0.92624
0.69328
0.27104
0.6104
1.04944
0.03248
1.31264
0.14448
0.86576
0.79128
0.77448
0.61264
1.02536
0.17024
0.77056
0.308
0.49168
0.42952
0.58184
0.1092
0.08848
0.05152
0.36904
0.72072
0.53312
0.15512
0.252
0.31864
0.2324
0.08904
0.63112
0.11984
1.21184
0.10416
0.31416
0.80584
0.0784
0.44016
0.97888
0.2072
0.20664
0.16464
0.6496
0.09744
2.20808
0.35392
0.50176
0.36568
1.25048
0.60536
0.4956
0.47824
0.056
0.02744
0.74816
0.78008
0.95256
0.22232
3.36728
0.52136
0.29064
0.2352
0.51856
0.11424
0.23128
0.04312
0.19152
1.14856
0.40376
0.06216
0.01176
5.56304
0.08064
0.11704
0.03192
1.21464
0.46872
0.04872
0.73472
1.0192
0.37576
0.4312
0.6048
0.66528
0.36176
0.94752
0.99624
0.10976
0.19432
0.04704
0.14952
0.22176
0.22008
0.154
0.07728
0.45248
0.92736
0.29792
0.23296
0.05152
0.26824
0.50512
0.41104
0.63952
0.87864
0.02632
0.53648
0.69384
0.66192
0.2912
0.08848
dv14	force25	site148	[AMP]300
0.1512
0.64624
0.39312
0.07672
0.0728
0.2072
0.28896
0.17864
0.24696
0.21504
1.33112
1.26448
0.09912
0.08792
0.14
4.79752
0.06104
0.06328
0.12152
0.83776
0.5572
1.51368
0.3696
0.08512
0.05768
0.09016
0.84168
0.18088
0.40936
0.01456
1.72144
0.05376
0.76888
0.88984
0.30744
0.3444
0.17472
0.75264
0.91504
0.73192
0.03752
0.0336
1.89056
0.13608
0.91448
0.66808
0.40656
0.25368
1.55008
0.19208
0.0196
0.5992
0.04928
0.2492
0.69384
0.30352
0.93464
0.13776
0.08736
0.0112
0.15624
0.28
0.59248
0.70168
0.71848
0.46592
0.33544
0.04816
0.05432
0.49056
0.12264
0.23856
0.47936
0.02688
0.48272
1.246
1.60384
0.4816
0.22232
0.1988
0.04928
0.0168
0.78344
0.27496
0.58856
0.20888
0.49056
1.10824
0.8736
0.20384
0.22288
0.24472
0.13272
0.3164
0.1988
0.23296
0.14224
0.37632
0.2856
0.02632
0.04144
0.25592
0.32144
0.02016
0.36344
0.85456
0.37128
1.5092
0.1064
0.44016
0.098
0.2268
0.03808
0.95928
0.19152
2.82576
1.33392
0.03808
0.4312
0.13104
0.27832
0.1624
0.09352
0.29232
0.20104
0.6552
0.9296
0.41608
0.42672
1.498
0.09632
0.09128
0.05432
0.09744
0.76776
0.39144
0.05936
0.13216
0.64736
0.5348
0.0168
0.54712
0.8232
0.02912
2.86944
2.11176
1.44592
0.56616
0.0896
0.65856
0.1848
0.05096
1.04776
0.07
0.0504
1.01136
0.39816
0.03248
0.55832
0.43568
0.68824
0.4452
0.04928
1.29696
0.2716
0.80024
0.16856
0.59416
0.14504
0.1624
0.93016
1.76288
0.04088
0.20328
0.07896
0.40208
0.14112
1.37144
0.19096
0.82712
0.06384
0.31696
0.06272
0.18088
0.252
0.29568
0.26264
0.47432
0.25536
0.15232
0.42224
0.60704
0.39032
0.39032
0.336
0.67312
0.42784
0.12712
0.3276
0.83496
0.53984
0.0336
0.33936
0.86464
0.24472
0.05432
0.34832
0.5768
0.126
0.03808
0.05768
0.0868
0.03416
0.93184
0.1148
0.61712
0.0532
0.44912
0.0448
0.03192
0.15008
0.686
0.35
0.85232
0.09128
0.04424
0.20944
0.042
0.04984
0.39704
0.03136
0.86352
0.042
0.1008
0.07784
0.434
1.13456
0.05936
1.00352
0.68712
0.19152
0.01904
0.06272
0.61824
0.03976
0.3248
0.11704
1.33728
0.36064
0.21168
0.07728
0.38808
0.10472
0.03024
0.40712
0.2576
0.03752
0.15848
0.20944
0.43232
0.1484
1.89504
0.87976
0.0308
0.3892
0.46704
1.56296
0.44408
0.30408
0.10864
0.04312
0.65408
0.07056
0.58352
0.46032
1.20792
0.12488
0.05824
0.16016
0.05096
0.06104
0.02016
0.23632
0.37744
0.61152
0.39312
0.13776
0.37744
0.33488
0.2464
0.54488
0.18928
0.95872
0.07728
0.33936
0.22848
1.05392
0.2856
1.16704
1.25832
0.0896
0.13496
0.10304
0.41832
0.08288
0.38192
1.66432
0.13888
0.54376
0.19936
0.07784
0.03752
0.04816
0.52304
0.14168
0.35784
0.98952
0.01344
0.14728
0.6636
0.48776
0.11816
1.06288
1.46328
0.26824
0.05208
0.06944
0.434
0.5068
1.58648
0.18872
0.26152
1.22304
0.70896
0.06104
0.73192
0.13552
0.14224
0.83888
0.0308
0.11704
0.19824
0.22008
0.33712
0.96152
0.31976
0.47376
0.93968
0.55104
0.31416
0.06496
0.12656
0.48888
0.19264
1.23536
0.3164
0.09408
0.03136
0.0896
0.33992
0.14056
0.05096
0.17584
0.0588
0.50344
0.03024
0.05992
0.03752
0.85232
0.38808
0.20384
0.02576
0.27384
0.18088
0.85008
0.09744
0.1344
0.476
0.02856
0.25088
0.92176
2.62528
0.40264
0.4144
0.88984
0.84728
0.03136
0.77952
0.98056
0.53088
0.17696
0.07
0.01512
0.16464
0.03024
0.29848
1.40504
0.10248
0.0308
0.04424
0.0588
0.74704
0.11928
0.04984
0.03024
0.68096
0.31472
0.15456
0.15568
1.20512
1.01696
0.3444
0.0448
0.28896
0.05096
0.74032
0.03192
0.30408
0.58856
0.05376
0.47936
0.68488
1.03936
0.01848
0.04032
0.14392
0.26208
0.05264
0.26376
0.80192
1.81608
1.19448
0.05208
0.11536
0.8484
1.30872
0.33264
0.06552
0.03976
0.16576
0.60704
0.15624
0.25088
0.0728
0.18144
0.03304
0.1764
0.07448
0.6468
0.65072
0.48776
0.35448
0.31528
0.07504
0.13944
0.08736
0.17192
0.50176
1.2124
0.25144
0.57792
0.14728
0.28224
0.30464
0.0728
0.82712
0.1204
0.7364
0.05264
0.27832
0.098
0.04872
0.86688
0.20048
0.1624
0.46144
1.65592
0.7028
0.04648
0.2436
0.69496
0.27664
0.10248
0.42504
0.39536
0.57232
0.61712
0.1848
0.2128
0.12768
0.48048
0.34328
1.48288
0.65072
0.03136
0.79688
0.43568
0.40936
0.26152
0.92512
0.04984
0.20888
0.09744
1.25776
0.07896
0.20272
0.62888
0.07896
2.96352
0.46816
0.11536
0.11032
0.92232
0.35504
0.70336
0.3164
0.52976
1.5176
0.36568
0.04368
0.07
0.70448
0.16912
1.78304
0.27832
0.53256
0.1232
0.05376
2.22768
0.36568
0.62608
0.03752
0.07224
0.23296
0.36232
1.53944
0.02912
0.07448
0.63392
0.03976
0.0784
0.0476
0.38192
0.51072
0.06384
0.13888
0.10136
0.72968
0.0476
0.1596
0.20608
0.15736
0.05768
0.10136
0.10472
0.02744
0.3108
0.27552
0.19264
0.9324
0.9968
0.18648
0.16184
0.11648
0.35224
1.10264
0.50848
0.05264
0.12768
0.20552
0.15344
0.07336
0.378
0.2408
0.41664
0.18704
0.28504
0.644
0.0252
0.44352
0.2016
0.07
0.81592
0.83384
0.28504
0.09464
0.12096
0.18256
0.12768
0.01512
0.74256
0.05208
0.18368
0.51464
0.52864
0.28224
0.1708
0.04928
0.098
0.05152
0.0252
0.42896
0.05208
1.09816
0.48664
0.68152
0.04984
0.81256
0.112
0.238
0.16352
0.39536
0.4648
0.25872
1.14912
0.19824
0.0448
0.17248
0.85064
0.41832
0.77392
0.80528
0.2464
0.17304
0.35728
0.69384
0.11928
0.4592
0.01792
0.02576
0.09408
1.44536
0.49728
0.25928
0.16296
0.11088
0.83608
1.90288
0.40488
0.084
0.38808
0.16968
0.23296
0.12656
0.54432
0.17584
0.63616
0.70056
1.03712
0.07168
0.11088
0.76048
0.0756
0.26152
0.20216
0.20664
0.54264
0.1764
0.13832
0.49392
0.05488
2.45392
0.01736
0.4536
0.03192
0.49672
0.63728
0.448
1.7556
0.9772
0.644
0.16968
0.74088
0.238
0.868
0.20888
0.26992
0.42504
0.24752
0.03304
0.16576
0.42448
0.154
1.23648
0.67536
0.18144
0.7084
0.05208
0.32704
0.93912
1.18944
0.05096
0.434
0.03864
0.64904
0.40824
0.1176
0.81816
0.63224
0.17976
0.04312
0.10976
0.084
0.32704
0.37128
0.1596
0.03024
0.1008
1.24768
0.20104
0.15008
0.97832
0.17416
0.22512
0.8764
0.01288
0.0644
0.93128
0.22232
0.2968
0.21056
0.05432
0.15232
0.25872
0.0868
0.20384
0.0756
1.06232
0.406
0.1008
0.24416
0.18088
0.21728
0.67256
0.11984
1.694
1.63296
0.33376
0.96432
0.61432
0.83496
0.16128
0.29568
0.33432
0.65352
0.50064
0.042
1.52488
0.39592
0.40544
0.04032
0.52528
0.08176
0.03808
0.0448
0.19768
2.16832
0.68936
0.23408
0.1568
0.09408
0.03752
0.02352
0.75992
0.9772
0.20496
0.09464
0.11312
0.0196
0.13496
1.28184
0.08288
0.57904
0.21448
0.6664
0.21336
1.0724
0.85736
1.27904
0.1148
0.0812
0.60144
0.06888
0.19768
1.60888
0.1036
0.19208
0.03752
0.12488
0.1568
0.02016
1.10992
0.65632
0.2912
1.27904
0.02632
0.15568
0.10696
0.31808
0.8484
0.17416
0.35168
0.27384
0.32032
0.24808
0.40712
0.05992
0.35616
0.18984
0.2352
0.17024
0.28056
0.25872
0.59192
0.02408
0.30856
0.2128
0.1036
0.41272
1.17544
0.29176
0.18872
0.39872
0.294
0.02408
0.19376
0.182
0.03976
1.02816
0.82992
0.17136
1.39328
1.42856
0.52192
0.48496
0.47208
0.36848
0.07616
0.02072
0.47712
0.86352
0.09016
1.10824
1.21856
0.27384
0.22344
dv14	force0	site148	[AMP]3000
3.26144
4.69504
0.33656
1.16648
7.71792
4.60208
6.50104
0.24136
2.89576
0.2464
0.09856
2.2176
0.72856
0.43288
1.60664
0.35952
0.12488
3.88584
12.61512
0.48944
2.77032
0.4788
1.55232
8.9908
0.73864
3.4188
2.47688
0.91336
1.25496
1.44704
0.83888
0.5096
1.6688
3.2312
16.59112
2.87896
2.28088
3.77664
7.15344
10.26144
4.39544
0.07784
1.48008
6.69368
0.21784
5.13912
1.2404
1.68616
5.10104
1.68448
1.36472
3.09232
3.28496
0.0196
1.06736
13.40136
0.04144
16.18344
6.09112
1.21576
1.9852
3.0128
12.28528
2.67736
0.94528
6.51728
9.92936
3.45632
0.03248
5.13912
dv14	force5	site148	[AMP]3000
0.10584
1.56408
1.11664
4.18152
2.18624
4.83056
5.37992
3.822
3.38464
3.28496
1.08136
3.36336
2.54464
2.30272
2.75128
1.59488
13.77824
0.0336
0.014
0.59192
2.61184
0.06888
2.54912
0.12936
1.0976
0.07168
1.75896
2.78488
0.20608
4.1776
0.04032
7.7112
4.93192
1.53608
0.67816
0.0392
5.0568
0.14784
2.14872
3.47984
7.0084
1.92248
7.33152
0.02128
7.7056
0.0308
4.15912
2.05688
0.69888
1.30872
0.49336
0.36848
0.25928
6.1432
2.14872
0.21448
6.9496
5.34184
3.11136
0.1232
0.91784
0.94416
6.64104
1.5484
1.13176
3.16904
1.50976
1.6408
4.45816
2.62808
1.33896
0.20552
0.0868
5.264
3.77664
0.52248
0.0252
10.83824
3.64504
0.91168
0.12208
1.07744
0.4732
0.08232
0.76048
1.61
0.42056
8.48736
dv14	force10	site148	[AMP]3000
3.108
2.73336
8.53552
0.168
1.38264
0.10192
0.36176
0.02408
0.38416
0.12544
1.20736
1.08584
4.02304
0.25648
3.97544
0.0588
2.40408
4.43576
0.7868
0.62216
1.06568
0.12712
4.36352
0.0896
1.18272
0.21728
1.7976
14.77728
4.12944
0.30352
0.46536
0.07168
3.20152
1.51088
0.11816
0.16856
0.3472
1.84912
0.09632
0.62328
2.21648
3.164
1.04888
1.78808
0.098
0.07112
6.71944
0.29008
0.44744
1.35464
4.70288
0.72856
1.77688
2.17728
0.84952
0.04536
0.26712
1.95216
0.22848
1.31544
0.09352
0.08288
1.56352
0.77504
1.148
5.08032
1.09144
2.13808
0.14952
3.75648
0.02408
0.04928
0.19544
0.71512
1.00296
5.3648
3.1052
0.43512
8.65984
0.5544
2.63648
0.06608
3.02624
0.0924
dv14	force15	site148	[AMP]3000
0.03024
1.09144
3.0408
1.08528
2.49032
0.20104
1.00856
1.77968
2.69584
0.1848
0.82824
2.66
4.5556
0.0868
0.2324
0.70896
0.34832
0.95088
0.042
1.06008
0.42672
3.08448
0.74648
0.13272
2.38112
3.878
0.45192
1.23536
2.94896
0.82544
0.13664
1.44816
1.32496
0.91728
0.09632
2.64768
0.11368
0.54824
0.67536
1.37088
1.09704
3.95808
0.3808
0.19096
0.57064
1.2796
4.7936
2.7552
0.13888
2.40072
0.68824
0.12208
2.10952
0.09408
2.38952
1.316
0.96712
0.2268
0.73416
0.05264
1.6436
0.26208
1.58872
0.21112
4.05048
2.6264
1.02032
0.93184
0.2772
1.42632
0.0532
1.36136
0.16072
0.35616
1.98016
3.77384
3.26816
5.8464
0.35056
0.33432
2.39176
0.3164
0.13104
1.66656
1.7444
0.32984
0.02016
0.85008
3.51512
0.24024
2.94168
2.26688
1.4868
1.79088
0.8484
0.94696
0.34888
0.65856
0.08624
0.4032
1.25776
6.25576
0.05992
2.464
dv14	force20	site148	[AMP]3000
0.8848
0.41272
0.99456
1.358
1.5988
1.00072
2.61576
0.33488
1.85136
0.04256
1.43024
3.54872
0.37352
0.48328
2.92376
0.87528
2.6124
0.74088
0.03192
0.19488
0.09968
0.15176
0.24528
0.38472
0.8624
0.0504
1.05168
2.17336
0.90104
0.66696
0.16296
2.32848
0.64232
1.11552
0.86912
0.46648
0.1232
0.21448
0.21504
0.3724
1.29472
0.09072
0.45472
0.80248
0.21056
2.47464
0.08456
1.89952
0.53984
1.32888
0.56392
1.68896
0.18256
0.63896
1.36696
0.86184
0.17472
0.56448
0.83048
0.19208
0.2352
0.41608
0.25984
0.60928
1.08584
0.41328
0.7336
7.96768
0.44576
0.35056
0.21336
0.12264
0.67648
0.6048
1.0108
0.27048
0.18648
0.06888
0.16408
1.66432
0.03248
3.04584
1.54448
0.79464
8.48848
0.78176
0.80248
0.09072
1.75952
0.77112
4.65248
0.01456
2.968
0.88816
0.03584
0.48048
1.5512
0.15176
1.20904
0.15792
1.58368
0.66528
1.61448
1.49184
0.51576
0.30744
0.8736
1.00464
0.03696
0.40096
0.1792
0.31304
0.47544
1.50136
1.30872
0.03304
1.83288
2.08544
0.80864
1.21856
6.0088
0.07
0.4032
0.79632
0.04648
0.04648
0.1932
0.82992
1.3132
1.32888
0.11928
0.10808
0.52472
1.85472
1.08976
0.11032
3.97824
0.41608
0.84
0.58464
2.44944
0.14224
0.09576
0.11704
0.39256
0.46256
1.30256
0.44744
0.51912
0.80976
2.47128
0.35056
dv14	force25	site148	[AMP]3000
0.4452
0.17864
0.09464
0.06104
0.85232
1.4476
0.2576
0.448
1.11664
0.57904
1.76176
0.18928
0.07672
0.84784
0.64288
0.05432
0.56728
0.20608
0.18984
0.056
0.59976
0.32424
0.03416
1.5484
0.64736
0.1596
0.6832
0.11424
1.53832
0.0504
0.252
0.08624
0.80248
0.83608
1.32496
0.42168
0.35896
1.98856
0.0952
0.55216
0.70728
1.24712
0.714
0.04928
0.32816
0.02464
0.84448
1.69848
1.33336
0.74648
0.07392
0.35616
0.252
0.336
0.26992
0.85232
0.45304
0.7028
1.08136
1.35688
0.73808
0.45752
0.1036
1.15864
0.75768
1.06736
0.24136
0.08904
2.36152
0.6888
0.0224
0.76384
1.2908
1.52936
0.02576
0.54992
0.41048
0.06384
0.08344
0.70168
0.30184
1.33056
0.06048
0.3556
0.80864
0.2828
0.59472
0.10752
0.50176
0.00896
0.10248
0.88536
0.08232
1.40672
2.57432
0.51072
0.406
0.01792
0.21896
1.61504
1.00408
0.34944
0.76048
2.45952
0.05432
0.952
0.07952
0.34888
0.20384
1.73656
0.742
0.532
0.50848
0.10584
0.28168
0.14728
0.02408
0.7588
0.73472
0.2044
2.06976
0.26768
0.22624
0.65968
0.42672
0.014
0.38528
1.09984
0.48552
0.98
0.31696
0.06104
0.36456
0.09408
0.39872
0.11872
3.13152
0.48608
0.45976
1.86816
0.36568
0.34608
0.62104
0.14112
0.4228
0.28112
2.69192
2.16608
0.07504
0.58128
0.46872
0.0364
0.43512
0.44296
0.07896
0.32704
0.45976
0.22512
0.0392
0.3584
0.5684
0.79632
0.05264
0.74256
0.58128
0.09464
0.23912
0.04648
0.84448
0.03808
0.39144
0.06384
0.16184
0.0084
1.05056
0.26096
0.22624
0.56616
0.20272
1.51648
0.08736
1.76904
0.6076
0.04928
0.19096
2.99656
0.12992
0.18704
1.22416
2.184
2.2064
0.52976
0.25032
